-0.2556329
-0.2972497
-0.4996945
-0.1731331
0.136471
0.02935311
0.1297104
0.2729494
-0.2674974
-0.4263501
-0.3640867
0.06686831
0.1838729
0.02917377
-0.04357742
0.236288
0.3324901
-0.4461014
-0.2012127
0.3288269
-0.384534
0.3957888
-0.06995324
0.208408
0.1717142
-0.2594334
0.04503929
0.4006915
0.1866915
-0.4051147
-0.07771905
0.03299133
-0.06726331
0.1752997
-0.3442691
0.2361737
-0.1760064
-0.1729837
0.02826164
-0.276619
0.2270292
0.0002692188
-0.4964135
-0.4835759
-0.00962125
-0.195198
0.2761147
0.3231316
-0.4693546
-0.1187047
-0.3357336
-0.2827336
0.2290755
0.1930029
0.3870574
0.2210406
0.2711415
-0.1682627
-0.3269409
0.3970606
-0.2994956
-0.1913148
-0.2601673
-0.4946609
-0.1412505
0.1311434
0.05349071
0.1764154
-0.4709338
-0.3573921
0.4793718
-0.4874248
-0.4778893
0.422042
0.1536875
0.3981996
-0.3420657
0.2321888
0.3135816
0.4538503
-0.04401865
-0.2734177
0.2360577
0.3086335
0.3977072
-0.3732597
-0.2049042
-0.07016022
-0.1783932
0.03108945
-0.3040367
0.1324021
-0.2175119
-0.1160472
-0.248901
0.2026349
0.002114657
-0.4219078
-0.1378315
0.1006042
-0.3413996
-0.4559247
-0.4957389
-0.4184923
0.415909
0.4577714
0.002691275
0.4479491
0.3170013
0.2908938
-0.05149668
-0.1359386
-0.4953408
0.1565705
0.2151953
0.05704961
-0.4701194
0.3638997
0.2842019
0.1678341
-0.3583899
-0.03890048
-0.1678543
-0.05274623
0.5010084
0.4521471
-0.4806975
0.4178873
-0.4881632
0.2258547
-0.06048527
-0.2711178
0.4284678
-0.4514002
0.03593746
-0.3853203
-0.3190925
-0.4191922
-0.4125512
-0.1571605
-0.3975236
-0.06037869
0.1559336
0.1621979
-0.1185839
0.2122574
-0.1741214
0.3522226
-0.1078219
-0.1959298
0.1955722
0.02758664
-0.4210186
0.1529721
-0.3128164
0.4320274
-0.3843925
0.4701392
0.05399531
0.3180797
0.25817
-0.07432345
0.3537056
-0.02420788
0.1783682
0.5016274
0.1972003
-0.1335866
-0.2161106
0.4987981
-0.2693805
-0.3291367
-0.03095725
-0.05313656
0.4868022
0.1244598
-0.0891155
0.1640374
-0.2247822
-0.424936
0.3381701
-0.4486092
-0.09005636
-0.2872894
0.4610822
0.4931939
-0.1271791
-0.06227393
-0.1302681
0.02914563
-0.08199065
0.3286926
0.2988039
-0.4221085
-0.3822557
0.4189072
0.4584363
-0.29769
0.1859498
0.2394693
-0.1841678
0.1545116
0.09621365
-0.1731186
-0.03083926
0.1260825
-0.3790961
0.3708526
0.1919184
-0.3140228
0.06706556
0.1504056
0.09469935
-0.4819451
-0.0908545
0.4165569
0.1287582
0.2615812
-0.1296332
0.2491108
-0.4662719
-0.004022704
0.182094
0.03696715
0.1845962
0.08480718
0.08161581
-0.3554476
0.4908023
-0.1743146
-0.000162209
0.03623045
0.4949712
-0.420888
0.02265219
-0.3147061
-0.04281874
-0.1081113
0.3039947
-0.4538442
-0.1293281
0.111027
-0.4127998
0.1100305
-0.01354244
0.4068339
-0.3546054
-0.2501913
-0.1016447
0.0132883
-0.1584136
0.3143869
-0.299083
-0.1474785
-0.2663743
0.2762633
0.1438723
0.009359401
0.2950589
-0.2080659
-0.3237188
0.2200548
-0.468222
0.1316099
0.3304942
0.4340547
0.06172007
0.4656616
0.007609434
-0.02578444
0.2516112
-0.1229134
-0.1403015
0.3283104
-0.1138734
-0.3164131
-0.2269911
-0.1926173
-0.2256961
0.3919718
0.4306976
-0.4465505
-0.165163
0.207218
-0.3514675
0.2648382
-0.03474233
-0.1545589
-0.245026
0.07146369
0.1166549
-0.04075385
0.3665507
-0.186785
-0.2160461
-0.5045712
-0.2540418
-0.2698786
-0.2881777
-0.2222927
0.130781
0.3205896
0.4695313
-0.002576715
0.08253051
-0.2208233
-0.03244293
0.003930877
-0.287761
-0.0257076
-0.1888628
-0.2091466
-0.2496503
-0.2802844
0.1585502
0.1953523
0.3524333
0.2387095
-0.1523439
0.3039049
0.1791365
-0.1807351
0.2452354
-0.2729905
0.3490288
0.4276556
-0.1105116
0.3447289
-0.2467907
-0.3929385
0.2288671
0.2787051
-0.3907999
0.3056055
0.05372918
0.1238388
0.3101268
-0.3641688
-0.4534869
-0.09404855
0.3998549
0.2142745
0.494419
-0.06347313
0.3865444
-0.2494632
0.2233676
0.131232
-0.03657241
-0.1331972
0.1044618
-0.09654244
0.4811049
-0.3831046
0.06084574
0.3419474
0.230085
-0.3293746
0.4241545
0.4506507
-0.02690224
-0.1508765
-0.03984893
0.2677765
0.03438525
0.1028843
-0.2047112
0.3018217
-0.1735608
-0.1239875
0.4656262
-0.2676016
-0.2147031
-0.4782977
-0.2972066
-0.218727
-0.1545288
0.1408307
0.1781694
-0.5040789
-0.2893281
-0.2736789
0.4225536
-0.1996854
0.1305978
-0.1261754
-0.184812
-0.1639319
-0.2551502
0.4851249
-0.1627589
-0.4884143
0.2968896
0.1582221
-0.03847167
0.1792969
-0.06660143
0.4907351
-0.2573344
0.1052714
0.4390473
-0.4208291
0.4467502
-0.0402574
-0.3644716
-0.1152833
-0.01588612
0.1831578
-0.02075508
-0.325186
0.03336565
-0.1192404
0.4226591
0.4402602
0.1199855
-0.03387538
0.06414083
0.311138
-0.1948969
0.3658921
-0.322185
-0.2101435
0.05684602
0.2243777
-0.04046505
0.3982517
-0.2298832
0.3209772
0.3663904
0.3267404
0.3122592
0.1689807
-0.3286285
0.004892306
-0.01765694
0.3633156
-0.1938317
0.4881758
0.1941115
-0.2998396
0.3339463
0.01829328
-0.4652601
-0.1289307
0.3368902
-0.4389662
-0.04910117
-0.4206488
-0.2744443
0.06969639
-0.09375292
0.09767713
-0.3696328
-0.05474464
0.3023917
-0.2212175
0.4143753
-0.06265467
0.4927894
-0.194384
-0.4235248
-0.004755339
0.4941648
-0.1902602
-0.1569923
-0.4817178
-0.1434508
0.0547998
-0.3825459
0.07705799
-0.4939106
-0.02404755
0.08199009
0.2467178
-0.02327334
0.04332144
-0.3215479
-0.3656551
0.4161092
-0.3364676
0.4838764
0.3426507
0.3313977
0.0655934
0.2521054
-0.1884558
0.1684463
0.3584721
-0.3340963
-0.04470284
-0.01639052
0.2521221
0.3714653
-0.4014649
-0.3397439
-0.1483757
0.3994709
-0.2453394
0.3813597
-0.2248686
0.3612603
-0.1731602
-0.3478788
-0.440401
0.08266021
0.0307652
0.2876497
0.05605229
0.1704458
-0.002862563
0.101877
-0.4381771
-0.2320382
0.0279629
0.3247577
-0.1781788
0.1024506
0.3918996
-0.339058
0.4888994
-0.4127429
-0.436154
0.1567584
0.3281062
0.2234834
0.1669291
-0.2173087
0.02642116
-0.3438625
0.4091653
0.2493523
0.1051546
-0.047285
-0.08504583
0.04725115
0.4364527
0.06621289
-0.2029347
0.2426405
-0.07361704
0.1877649
0.2729497
0.2153583
-0.3170205
-0.1250812
-0.08234299
-0.4077958
-0.468274
-0.1281079
-0.01859921
-0.4590171
-0.08293664
-0.3765838
0.4762841
0.024176
-0.2501787
0.3697045
0.2471173
0.004313134
0.1547371
0.4921173
-0.009415548
0.3170218
-0.2590969
0.30585
0.3227411
-0.168934
-0.4293962
-0.3644941
-0.1216647
-0.2935491
0.06000589
-0.00011999
0.1410153
0.4264723
0.1457768
0.4260513
0.1515324
-0.2061756
-0.02006048
0.3015355
0.04924827
-0.5084773
-0.007136176
0.3997759
-0.2587703
0.2624883
-0.3040714
0.07699924
0.2118469
0.08802198
-0.03736082
-0.3509934
-0.1666652
-0.3119846
-0.3839286
-0.2394716
-0.4422458
-0.2622384
0.2102342
-0.01013015
-0.07974023
0.2145407
0.3800014
0.1591789
-0.03789844
-0.0919889
0.09313937
-0.4421652
-0.2493334
-0.04020377
0.1386995
-0.3712169
0.2787117
-0.4349901
0.01155207
-0.1657007
-0.04238373
-0.4614908
0.195988
0.04664484
-0.243277
0.3494704
-0.07925759
0.4196995
0.2919241
0.3337732
0.1023404
0.4782463
-0.05316752
-0.2611287
-0.1796582
0.1190705
-0.4604182
-0.4891617
-0.3527626
-0.08990411
-0.2679298
-0.08033684
-0.1153237
0.3915068
-0.1987139
-0.3425807
0.3907881
-0.3523361
-0.1981018
0.1134662
0.1882024
-0.04762875
-0.08271105
-0.2108871
0.1630366
-0.4019821
0.2957958
-0.02044837
-0.3242023
0.3166538
0.2136948
0.3797611
-0.01031571
-0.4881217
-0.3323962
-0.3118591
0.2030741
-0.1376399
-0.3366286
0.002477862
-0.3086531
0.1340832
0.2620905
0.4052926
0.150519
-0.4406677
0.1700486
-0.05108842
0.4435415
-0.2679408
-0.4038325
0.4709704
0.2724601
-0.4800612
-0.3330004
0.2517782
-0.0181549
-0.07795907
-0.3963743
-0.3420432
0.4625706
0.1968383
0.3744414
0.1928305
-0.3117077
0.1403822
0.2136362
0.01659846
-0.2359218
-0.2181889
0.0451282
-0.005255857
-0.2571419
-0.3896356
0.07762747
0.2470116
0.1606456
-0.09671701
-0.3850527
0.4241836
0.1303047
-0.1050473
-0.1385505
-0.4609616
0.3571355
-0.4900694
-0.4933144
0.3508635
0.3919466
0.06218727
-2.908902E-05
-0.3585672
-0.3847053
0.3826819
0.4699381
0.2785801
-0.1087749
0.1439646
-0.1511371
0.4393658
-0.1067419
-0.2184698
-0.1978351
-0.4912438
0.07066613
0.1902179
0.09254505
0.2366566
-0.3325337
-0.3697089
0.2215656
0.09918222
-0.01528724
-0.003542796
0.1156851
0.3188949
0.07324959
-0.4898113
0.2176709
-0.08986696
-0.2614445
-0.4676639
-0.3201476
-0.1572391
0.3980274
-0.2310063
-0.3427559
-0.2725722
0.03012604
0.3450086
-0.364345
0.4244572
-0.2970153
0.4727459
-0.3464347
-0.4941342
0.3616393
0.3402545
-0.1371444
-0.4804538
-0.08485121
0.4769477
-0.3775156
-0.0368572
-0.2041082
-0.07522426
0.440377
0.2366011
0.4444853
0.1735317
0.08051117
-0.3511491
-0.4250284
-0.02794492
0.2805647
-0.05735734
-0.4542864
-0.1702695
0.3379373
0.07487883
0.3318961
0.2452227
-0.1368007
-0.354259
0.2045406
0.2277357
-0.01735992
-0.4492421
-0.28057
-0.2815339
0.3638935
0.3352675
-0.4399996
-0.4642431
0.3205962
-0.4079717
0.4770305
0.2077973
0.04079169
-0.05521704
-0.29471
0.3185322
-0.1356404
0.462034
-0.4907025
-0.133438
0.04120022
-0.460013
-0.2449025
-0.07133339
0.02076159
0.3037489
0.1276115
-0.320617
-0.3448408
0.06925311
0.4199492
-0.4317815
0.1697494
-0.2837936
-0.06874293
-0.2712353
-0.2912814
-0.006344212
-0.01110979
0.2565879
0.2661459
-0.3876246
-0.04365347
-0.07869066
0.4044144
-0.4866747
-0.4211745
-0.1010769
-0.4460044
-0.4845605
-0.3806861
-0.2844945
-0.4943454
-0.3753013
0.3167089
-0.103615
-0.08716526
-0.4637365
0.278427
0.1307122
0.1495776
0.05871487
0.08190166
-0.4214167
-0.1722693
0.3550724
-0.2576855
-0.376274
0.04715537
-0.3036337
0.2455193
0.4550888
0.4219286
0.4743636
-0.2504873
-0.180823
-0.4682108
-0.3734162
0.1282091
-0.3794383
-0.1135315
0.1163184
-0.1348297
0.0162187
0.4378961
-0.1341203
-0.001226905
0.06268219
0.3689846
0.05981524
0.4693083
-0.4342748
0.4465003
-0.2465513
-0.4927463
0.3088472
-0.3031711
-0.02305083
-0.3194264
0.09019943
0.4831429
0.4543628
0.2930458
0.4308877
0.1496126
0.009966183
0.3618148
-0.001787107
-0.3147534
-0.05505359
0.4146259
0.3600609
-0.340827
-0.2966973
0.1757657
0.07873429
0.1171765
-0.1792611
-0.4353116
0.02858947
0.17576
0.2820553
0.4556196
0.4500581
-0.2698404
0.3048953
-0.3315761
0.4750448
-0.1688139
0.2571045
-0.02941588
0.03702892
0.4344022
-0.3002724
-0.274965
0.01251554
-0.02194493
-0.3579657
0.3548765
-0.126871
0.2640474
-0.3299194
0.00791769
-0.1406403
0.4252645
-0.30593
-0.3890632
0.4905858
-0.4646262
-0.2888648
0.1449829
-0.284015
-0.3478021
-0.06961016
-0.3759397
-0.06290063
-0.4908383
0.09662622
0.2108147
-0.3883846
-0.463127
0.219622
0.1432064
0.3156537
0.1741226
0.2402234
-0.1449942
0.2883141
-0.1698547
-0.02806524
-0.04014823
0.1287792
-0.198651
0.3535532
0.3815216
-0.03526314
0.1364183
0.02451663
0.3477815
0.2875662
0.2952017
0.07696956
-0.2167641
-0.2759697
0.2120653
0.250947
0.4021135
-0.3709845
0.02011102
-0.00912617
-0.3130372
0.1805348
0.3093239
-0.1136223
0.4205724
-0.3489094
0.3705242
0.1538324
-0.02401936
-0.06747485
0.06798591
0.09879572
-0.3584405
-0.2565643
-0.07590561
-0.4361914
0.426723
0.4269513
0.2196744
-0.1396989
0.02698712
0.3756277
-0.4139087
-0.2773339
0.4243915
-0.1533449
0.4005551
-0.2499383
0.3995762
0.04786364
0.3630196
0.1967462
-0.1888303
0.396556
0.4034661
0.3559583
-0.02367653
-0.4487785
-0.0745725
0.3118643
0.03251981
0.2034893
0.3005169
-0.02533193
-0.2448661
0.4205496
0.004826582
-0.4394039
-0.200716
-0.1351219
0.3491995
0.1515197
-0.2719841
0.4821723
0.1174088
-0.01323613
-0.1298254
0.4109412
-0.01249233
-0.4409079
0.1564969
0.3181049
-0.2793574
0.1650872
0.4000054
0.3536599
0.2977468
0.1698456
0.4897912
-0.006212222
0.05169845
0.3583112
0.1152194
-0.1547202
0.01093711
0.3745864
0.1382885
-0.4169295
0.09741547
-0.06965593
0.4766476
0.4826697
0.272269
0.3485041
0.3716069
-0.4832725
-0.03593516
0.137096
0.4887349
-0.4483415
-0.4505327
0.2909193
-0.4457197
0.4393074
-0.2551109
0.1618211
-0.422068
-0.05986214
0.443637
-0.1350658
-0.2124025
-0.08525389
-0.03362658
0.360466
-0.09938613
0.3533979
0.3774862
-0.1158849
-0.4078521
0.08817787
-0.4795522
0.2198094
0.4105931
-0.06569122
-0.5060063
0.3413517
0.2499279
-0.21633
-0.07664014
-0.2824296
0.263234
-0.1496746
0.2198945
0.1112654
-0.2884734
-0.3537914
-0.09758568
0.2615559
0.4528637
0.1523286
0.4892844
-0.2377477
0.4831068
-0.4728265
-0.07197383
-0.2562873
-0.4307559
-0.1668506
0.3405359
-0.4729901
-0.2093739
-0.314017
-0.2758185
0.2545903
-0.2264538
0.1991421
-0.4138843
-0.06480054
0.2117119
-0.4006846
-0.2516528
-0.1978199
-0.03473757
-0.2231033
-0.1478695
-0.5064977
-0.09899385
-0.1011039
-0.088032
-0.3733083
0.269958
0.01498256
-0.01288878
-0.4725331
-0.2249861
0.3081546
-0.00913428
-0.3537475
-0.3693356
-0.2271603
0.201516
-0.2084858
0.04638766
-0.2162283
0.4671465
-0.07775908
0.3568134
-0.1069898
-0.2770729
-0.2926772
0.230848
0.4786369
-0.1821037
0.2952139
0.3508671
-0.05726086
0.1909099
0.4016051
0.2781528
0.08862622
0.2160986
0.3782754
-0.3174335
0.02323543
-0.2206379
0.4550886
0.1090098
0.3974657
0.2837122
0.3124747
0.352457
0.1642352
-0.3019237
-0.003569677
-0.1374364
-0.255171
0.4667554
0.1532864
-0.06666107
0.4076206
-0.2120822
-0.02261058
0.1416702
0.3013302
-0.1197368
0.3812226
-0.1274458
-0.498705
0.2790489
-0.2083194
-0.3179993
0.07107035
-0.1504333
-0.2064449
-0.07106663
-0.4456852
-0.4065621
-0.4749332
0.3991965
0.1891293
-0.07437458
-0.3342583
0.4592727
-0.2071035
0.3788261
-0.2992553
-0.1986222
-0.01817559
-0.1127089
0.464431
-0.4504544
0.1892165
-0.3498078
-0.03593712
-0.06882575
-0.3305553
0.03845735
0.3239399
-0.4104324
-0.3213148
0.3392405
0.05114262
-0.5174046
-0.4229288
-0.1329379
0.1509856
0.1748166
0.3199875
0.09205261
-0.3609898
0.4050936
-0.02945335
-0.26926
-0.03244423
0.3337278
0.04440949
-0.1855242
-0.3097338
-0.1238661
-0.3008113
-0.1853447
-0.008767776
0.387087
0.08382259
-0.0815451
0.09733585
0.04365447
-0.2241151
0.4954254
0.2942931
-0.1666162
-0.277521
-0.08232438
0.2597877
0.2660483
0.4328459
0.3997463
0.05904651
-0.06477988
-0.1897293
0.3350763
-0.4038285
-0.4167197
-0.3146739
0.1273657
0.0414606
0.3107613
0.04494401
-0.4880071
0.3177333
0.1041262
-0.2664048
0.4383746
-0.2229
0.2995855
0.1065608
-0.3710828
-0.2771921
-0.2172149
-0.08819393
0.2115864
-0.3603686
-0.09727049
-0.2067076
-0.2069657
0.3210416
-0.1242091
-0.4280874
0.2858222
-0.2170939
0.2754322
0.3098246
-0.3102162
0.1059547
0.1096597
-0.423223
0.06544344
0.09809554
0.2857446
0.3100195
-0.06032978
-0.1900531
0.4899381
-0.0190211
-0.431871
-0.2938415
0.3007604
-0.3824759
-0.05102095
0.4252473
0.05766604
0.3363276
0.2479441
-0.3477833
0.01774795
-0.472491
0.3963468
0.0272421
0.05426187
0.04517883
0.5110884
-0.3137487
0.2725314
-0.2928386
-0.1357908
-0.2224525
-0.247675
-0.06440333
-0.2721851
0.104233
0.3147285
-0.4775994
0.2837327
-0.1382181
0.3656506
0.3780676
-0.08732121
-0.2495845
0.2815496
-0.2437278
0.4215131
0.3457437
0.01038458
-0.270256
-0.2013905
0.07828137
-0.4683263
-0.5027398
-0.2966876
-0.170824
0.3366496
-0.3835654
-0.1317185
-0.3381444
0.4795637
-0.08323336
0.02058275
0.113152
0.1153284
-0.3447566
0.2825802
0.03532572
-0.1627288
-0.3222176
-0.4739087
0.2233799
-0.1668492
0.009277276
0.3756366
0.4462155
0.5056464
0.421301
-0.1618077
-0.2525571
0.1999905
0.3535431
0.3097019
0.111786
-0.2887125
0.4567096
0.251437
0.1376742
0.3317258
-0.4269128
0.3229151
-0.2320767
0.1861904
0.1057914
-0.1341279
-0.3212232
0.08441681
0.4372162
-0.1011772
0.3585479
-0.2256243
-0.4761142
0.03775391
-0.2156019
0.0603853
-0.05984267
0.2722556
-0.05305247
0.3024068
-0.2416986
0.0772971
-0.2870873
-0.1855963
-0.1989492
-0.1381444
0.2267158
0.2324875
0.4295068
-0.2238045
-0.01284578
0.1008223
0.3677212
-0.3593368
0.0141334
0.4271565
-0.5144076
-0.306529
-0.4599723
0.4812824
-0.05688216
-0.3145826
0.05584159
-0.3696483
-0.4204554
0.1626444
-0.004563999
0.06799979
0.03729559
-0.2289934
-0.00309367
-0.3082686
0.3376223
-0.1319629
-0.1407735
-0.009154554
0.4551939
-0.3624264
-0.3164855
0.1964408
-0.1370921
0.4831724
0.05110587
0.4741082
0.479831
0.1897096
0.2232469
0.4109499
-0.02000401
0.1360659
-0.4492669
0.3788743
-0.245011
-0.2918606
-0.1644124
-0.4257123
0.261432
0.3623597
0.4760152
0.3349831
-0.07516401
0.1307529
0.09905073
-0.2453035
0.4363612
0.007859173
-0.4215732
0.408528
-0.2943929
0.3493151
-0.2817291
-0.3955196
0.2157106
-0.06616233
0.4377536
0.07557818
0.4351379
-0.07429551
0.3404964
-0.5136837
0.4359021
0.144891
0.1116795
0.2218519
0.3774102
0.3974364
0.1290295
0.09852229
-0.04491702
0.3470854
-0.07689679
-0.4596325
0.4507998
-0.1590836
0.002893074
-0.2405639
-0.2303024
-0.381767
-0.4631581
-0.1131229
0.2443614
-0.1903415
-0.4113721
-0.01919611
0.2183382
-0.08406947
-0.2484762
0.01323399
-0.1988552
-0.1015883
-0.03686422
-0.3292598
-0.07775922
-0.3736327
-0.08415237
-0.107113
0.1686331
-0.2418655
0.2896346
0.1950997
-0.232564
0.4676316
0.4112943
0.2978909
-0.3977109
0.4104197
-0.4629294
-0.2431234
0.219308
0.03684547
-0.1757623
-0.07055039
-0.3962794
-0.09826182
0.0253148
0.233273
-0.2862738
0.0009328242
-0.1821186
-0.03110413
-0.2478882
-0.1317694
0.2849751
0.2588028
0.09750412
-0.03298642
-0.3606484
-0.3645368
-0.252082
0.05860771
-0.3011384
0.5048234
-0.1022131
-0.0147545
-0.4469992
-0.2024002
-0.3040297
0.1509916
0.4128762
0.4454698
-0.3040875
0.2405829
-0.3149993
0.3061656
-0.3644101
-0.4174987
-0.1439587
0.1581087
0.007805304
0.4045435
-0.264803
0.01665327
-0.4869626
-0.2915884
-0.02460108
-0.2491247
0.05796998
-0.08870217
0.227725
0.3082165
0.2219273
-0.1023979
-0.1577761
0.2711734
-0.1514472
0.08099014
-0.2660799
-0.2131297
-0.2055757
-0.04005619
-0.1042592
0.05231093
0.491861
-0.1102906
-0.254025
0.2397812
-0.1357668
0.09603523
-0.216596
-0.1622212
0.4063789
0.2222021
-0.1051176
-0.07758316
0.3266352
0.2885496
0.1352719
0.1022747
-0.3878682
-0.03638976
-0.455222
0.3886834
-0.1676654
-0.05711275
0.04571673
0.1032953
0.2149666
0.2948734
0.05474628
-0.08456753
0.2097521
0.2454013
-0.138005
-0.3683511
-0.4937584
0.0214487
-0.3979262
0.07332718
-0.1418668
0.1651957
0.09658819
0.4329402
-0.2115241
-0.2385553
0.2510152
0.3150678
-0.4722081
0.3776378
-0.2757809
0.2082001
0.3218572
-0.05682581
0.209072
0.3804115
0.238346
0.1337067
-0.3356262
0.3247053
-0.1419517
0.2249131
0.122763
0.2866226
-0.2911395
0.1127718
0.2226721
0.4633935
-0.08798555
-0.3794236
0.1589786
-0.4876902
0.2333274
0.2595783
-0.1186472
-0.1045413
0.1290432
0.1125202
-0.3330983
-0.06797494
0.2123546
0.4158088
-0.04367782
0.4193657
-0.07052658
0.3274747
0.2664527
0.4175764
0.01754419
0.2500658
-0.07382862
-0.4571519
-0.4374388
0.4687874
0.3945177
-0.1606778
0.4153925
0.3482452
0.05011312
0.3837144
0.1210336
-0.3748045
0.1394482
0.1090133
-0.3269926
-0.1963612
-0.2368866
0.4155155
0.4922291
0.3887426
-0.3739
0.3075183
-0.3656493
-0.0650128
-0.1162222
-0.1862742
0.1699407
0.1446905
0.3836589
0.3743506
0.1791526
0.3799512
-0.09968428
0.04908268
0.009304089
0.06182728
-0.1214786
-0.3798164
0.07774209
-0.4128975
-0.3623576
0.2253092
0.1295465
-0.2132852
-0.1745694
0.4010578
0.3018072
-0.4652339
0.04340119
-0.3816124
-0.3314765
-0.3811866
-0.4519424
0.1482077
-0.4195119
0.04690913
0.1382459
0.02373106
-0.02928108
-0.1348774
0.4726689
0.2910783
-0.2337417
-0.03883636
0.2458446
0.3888932
-0.005333765
-0.1487409
-0.2012337
-0.2295247
-0.00531657
-0.2774297
-0.1300895
0.3758405
0.2187409
-0.4911056
0.2655486
-0.04757548
-0.1661148
0.3263221
0.1699739
-0.3638366
-0.3260286
0.01707058
0.4002071
0.3897996
0.115328
0.4476936
0.306447
0.1221455
-0.4488962
-0.4731102
0.3376746
-0.1851185
0.09452643
0.4185053
-0.1360357
0.2569149
0.07631009
-0.1912223
-0.3474883
-0.1488637
0.2015644
0.2149351
-0.06946555
-0.4678959
0.4465767
0.02264333
0.254482
-0.2934381
0.4423878
0.1999378
0.2217361
0.3332377
-0.1854253
0.4507229
0.4494723
0.4491911
0.3753415
0.324366
0.005721124
0.2293845
0.2804217
-0.4959649
-0.3669909
-0.3642477
0.01765374
0.1528465
-0.07684947
0.2036297
-0.4295384
-0.2679663
0.2014119
-0.3505806
0.3819345
0.4799546
-0.09495901
-0.1572289
-0.2931388
0.4526933
0.4368555
0.1670606
-0.4189435
0.4707771
-0.4059927
-0.1910996
-0.2610697
0.3347962
-0.316393
-0.04572225
-0.09741364
0.2059595
-0.1727814
0.3717282
-0.2714178
0.4151592
0.1622076
0.05477217
0.3247623
-0.02671591
0.1144679
0.121439
-0.1729829
0.3017886
-0.2452521
-0.222938
0.1169967
0.2460975
0.2597702
-0.4969659
0.2108869
-0.3779327
0.2686983
-0.08422415
-0.07268338
0.3230074
-0.08819058
0.4153256
0.2728123
-0.2990684
-0.014629
0.4671423
0.3444131
0.4565682
-0.4683814
-0.06201293
0.4046819
0.3987176
0.3853159
0.1109104
-0.1601381
0.1723677
0.07394907
-0.2991407
-0.2536115
0.3107826
0.3948162
0.1438211
0.03740754
-0.2261184
0.3981511
-0.1615946
-0.4344486
0.4849427
0.4694858
-0.05700324
0.3580037
-0.1290292
0.2846909
0.2649432
-0.4890355
0.2563246
0.1569846
-0.2879594
-0.390959
0.4407137
-0.4461555
-0.3761195
0.06874591
-0.05927874
-0.1203945
0.4519748
-0.303959
-0.01122963
-0.3861833
-0.1100775
-0.4369486
0.3082953
-0.05431378
0.4834141
0.4531808
-0.4600672
-0.3760903
0.4933421
-0.2827482
0.225543
-0.2005021
0.127143
0.3384798
-0.3591473
-0.1044851
0.2811646
-0.1604355
-0.04755919
-0.2686953
-0.09192459
-0.02457895
-0.4234796
-0.406895
0.349167
0.2431698
-0.4189464
-0.2891167
0.05762945
-0.1900384
0.3498797
-0.309318
-0.4397039
0.2376842
-0.2606187
-0.3343671
-0.2573265
0.004862121
0.1408092
-0.123246
-0.2608
-0.09227093
-0.2945153
0.4752688
0.1827654
-0.04233393
0.4704498
-0.4759604
0.203325
0.187221
-0.1999947
0.230804
0.1283831
-0.3256222
-0.2434465
-0.3230941
0.4946882
-0.4356935
-0.2983379
0.3324029
0.1967773
0.009425433
-0.02728375
0.1055525
0.4907643
-0.1837697
-0.4257418
0.1340932
-0.3552773
0.1722524
-0.08422242
0.2587857
0.1309024
0.2519301
0.4286695
0.1690653
0.3424765
0.3968611
0.3361362
0.1499266
0.2580096
-0.4849961
-0.4850912
0.2245608
0.1095395
-0.1650127
0.2181976
-0.05072337
0.2425797
0.4348193
-0.4304479
0.111126
-0.1247742
0.4670879
0.4640052
-0.0304164
0.2799034
-0.05517364
-0.4638569
-0.4772112
0.1151896
-0.43347
-0.3175637
-0.4517803
0.4358723
-0.2328533
0.2086304
0.3910902
0.0483309
0.3992211
-0.03994983
0.02981246
-0.194729
-0.247356
0.2507844
-0.4216136
-0.4080229
-0.05637816
0.07962379
0.0140229
0.006236249
0.160535
0.07826645
-0.3960232
-0.455669
-0.2189305
0.0519282
0.09788524
0.306587
0.1625277
0.4386156
0.446355
-0.1706161
0.416918
-0.2950469
-0.2772948
0.1800203
0.2568681
0.4422284
0.02217444
-0.2844321
-0.292244
0.2928865
-0.2614314
-0.1000787
-0.0884207
-0.4850974
-0.244675
0.4030485
0.1314067
0.3921913
-0.3050644
0.1176966
-0.1300589
-0.4579458
0.182804
0.2213932
-0.2417467
0.3383757
0.2198032
0.05741367
0.457817
0.4245787
-0.4610029
0.192678
-0.2561937
0.224194
-0.4311885
0.3399905
-0.1873616
-0.4239428
0.3696387
0.08562817
-0.4675059
0.1166134
-0.1887592
-0.4995685
-0.2898802
-0.4729314
-0.1376712
0.1066342
-0.206325
0.1938957
-0.4259482
-0.416366
0.4667861
-0.5113884
-0.193361
-0.2722395
0.4338376
-0.02460152
0.1105111
0.4003307
0.1446614
-0.05235651
-0.1595753
0.1383801
0.2742788
0.1020093
-0.40762
-0.06097625
0.2903078
-0.2664818
0.04684402
0.4968009
0.1020365
0.002962976
0.04771077
-0.2424264
-0.3990897
0.1804927
-0.06971729
-0.4495468
0.4442782
-0.2358229
0.4554833
-0.4180422
-0.1982308
0.1023106
-0.1302764
0.1289885
0.4834388
-0.002930884
0.2593341
0.3933714
-0.2088613
0.1533742
-0.4305769
-0.4699101
-0.4743985
0.3176461
-0.04023878
0.4476399
0.4422209
0.1912981
-0.2934453
-0.2430099
0.2682164
0.3261269
-0.3763306
0.4080194
0.2086942
0.2165092
0.359255
-0.1871171
0.007612847
-0.3842112
-0.3554831
0.2513836
-0.3399751
0.1952579
0.08839502
0.2259428
0.07984701
-0.2179617
0.4813078
0.3487171
-0.2179388
0.349838
0.3041973
-0.1703573
0.2386907
0.2215838
-0.3509586
-0.3035887
0.4790049
0.2220378
-0.3182014
0.1380605
0.2667498
0.3598985
0.444208
0.05286945
-0.05144542
0.1869531
-0.4623316
-0.2479718
0.4238874
-0.05510396
0.4079124
-0.05810013
-0.1280862
-0.292888
-0.2633231
0.1895608
-0.4102804
0.2483627
0.2918999
0.2597051
0.2210514
-0.01572847
-0.4023231
-0.3518201
-0.4040229
-0.2063165
0.4806621
-0.3088374
-0.2254668
-0.3110074
-0.2351884
-0.2141933
-0.2739297
0.1769809
0.357489
0.2252759
-0.1865356
-0.09845387
-0.01093263
0.3801481
-0.2899215
-0.2465183
-0.4535505
0.04272696
-0.3624144
-0.1888217
-0.2654496
0.1157775
0.1580624
0.3688133
-0.2775857
0.3187407
-0.04117263
0.5094966
-0.1581847
0.004499873
0.1499729
-0.2231791
0.2021708
0.233464
-0.1517097
0.1463074
0.268606
-0.4763232
-0.2290604
0.1628857
-0.1026303
0.3341256
-0.4255806
0.4159298
-0.025863
-0.007456464
-0.4001381
0.4467611
0.03729072
0.4161084
-0.4643703
-0.3950104
0.3057049
0.08543356
0.125014
0.1953298
-0.04140184
0.03808575
0.32232
0.1407667
-0.004682013
-0.3385848
-0.112064
-0.3240935
-0.1929229
0.01102563
-0.1606146
0.07350849
-0.08331516
0.1895707
-0.3589476
-0.397481
-0.5030752
-0.2798533
-0.2073646
-0.373327
0.2931453
-0.4235492
-0.2800136
0.003984567
-0.1626261
0.3935336
-0.3493194
0.1755996
0.4976185
-0.01435739
0.3645988
0.009999671
-0.1110474
0.3415566
-0.1925594
-0.3235764
0.1013656
0.05211175
-0.009212434
-0.2125591
0.3166165
0.3508031
0.1062718
-0.1817627
0.1883422
-0.479218
0.196056
-0.4908499
0.0543635
-0.3766007
0.4377236
-0.406189
0.0762517
-0.340012
0.3251415
0.4561467
-0.3639106
0.4750894
-0.1751852
-0.1798059
0.05153835
0.3373083
0.1748775
-0.4614958
0.1729401
-0.02634519
0.4559073
-0.4156839
-0.4603896
-0.3713151
-0.1055589
0.488393
0.1529283
-0.3307639
-0.2976322
0.1908231
-0.02002152
-0.4334925
0.1764093
-0.1012538
0.2664521
-0.3032755
-0.1311212
0.1865917
0.4290045
-0.4666236
0.3448186
-0.1275001
-0.3138644
0.3073052
-0.3119802
0.0006689855
0.01177474
-0.1152222
0.3946589
0.3246414
-0.3027184
-0.0539565
-0.4322264
0.490375
0.04480062
0.1420668
-0.1741874
-0.3206929
-0.143144
0.2476151
0.2514591
0.4289741
-0.2542732
0.3163931
-0.3839539
0.2737817
0.2887157
-0.01419044
-0.4163097
-0.4476313
-0.1488283
-0.18791
-0.3632452
0.3174998
-0.1862614
0.02468135
0.4707809
-0.432749
0.1182701
0.247983
0.1781363
-0.01115591
0.3416681
-0.02172309
0.456883
0.07326785
0.3505444
0.3846442
-0.2536387
0.4853436
-0.115919
0.3810477
0.1089066
0.3856436
0.1699239
0.04173639
-0.2861787
-0.1665239
0.06331187
0.2225451
0.04157121
-0.04502469
0.2666115
-0.3900678
-0.3360614
0.2061413
0.134251
0.1526055
-0.466508
0.4556309
0.3005302
-0.04301719
0.4099046
-0.101373
-0.1382424
0.3776427
-0.1884911
-0.1359223
-0.3730509
0.09483874
0.08352637
-0.0215443
0.4317505
-0.1406313
0.01645815
0.3860202
0.03354778
-0.452872
0.1884392
0.1081296
0.3965743
-0.1590478
-0.4590097
0.1749372
0.4856023
-0.2588807
0.09747483
-0.07582285
-0.3750233
-0.4150921
-0.2157355
-0.008078386
0.259492
0.1910752
-0.1014863
0.4117247
0.4348857
-0.2596509
-0.1325794
0.3147696
0.499685
-0.3222246
0.1498569
0.4683724
0.3292733
-0.2837835
-0.07375341
-0.3974164
-0.3612075
0.4368443
-0.4022489
-0.2998008
0.01656304
0.4502182
0.1744109
-0.1931679
0.1886829
-0.273667
0.4968098
-0.06326437
0.4301221
-0.4464865
0.4914327
-0.1829995
0.1023849
-0.08037581
0.3358301
0.4534883
0.01971574
-0.2016583
-0.0369871
-0.0578895
0.4191891
0.2629896
-0.02184042
0.1945914
0.3150998
-0.3970223
0.5002805
0.1787702
0.04049268
-0.1216269
-0.06017395
0.183307
-0.3291879
-0.2706696
0.006299339
-0.05045039
-0.4075477
0.4856236
-0.4099314
-0.4929256
0.2365521
-0.419886
-0.1496642
0.05980422
-0.2582766
0.3912384
2.745839E-05
-0.3536045
-0.09312134
-0.1765769
-0.3870702
-0.03416714
-0.1030893
0.2415588
0.2805581
0.3555874
0.2765955
-0.04811913
0.2978982
-0.2458722
-0.3617292
-0.4875203
-0.1441663
0.4254081
-0.1661763
0.4158978
0.4667451
-0.460546
-0.3128433
0.4519566
-0.05912208
-0.1189219
0.4184001
-0.3436345
-0.1623023
-0.03702665
-0.1295943
0.2482218
0.4226953
0.467288
-0.1796277
0.04603016
0.3422142
-0.2111823
-0.2613184
-0.06970877
-0.1755256
-0.2522357
0.4009928
0.09640118
-0.02391506
-0.4503538
0.3023406
-0.3560773
0.05823427
-0.1387156
-0.320447
-0.294014
-0.2806402
0.2817191
0.02079567
0.2598551
-0.2704197
-0.06031125
-0.4922351
0.06595071
0.1006373
-0.3827816
0.002877231
-0.1465431
0.03692326
0.0382886
0.0511332
-0.2784366
0.2663938
-0.417214
-0.2945401
-0.2865389
-0.1393207
0.4614593
0.2303173
0.2570342
0.3176076
-0.1062117
-0.09603891
0.1946106
-0.3248548
-0.03586421
-0.3661437
0.2365523
0.3610647
-0.2534252
-0.2604941
0.07146212
-0.07885943
0.2688335
-0.5041821
0.149981
0.006873049
-0.3446206
-0.2943082
-0.4064746
0.3736973
0.4249301
0.3864532
0.1947495
-0.255645
-0.08792812
0.2164251
0.3608077
-0.2977621
0.1629191
-0.4388473
-0.02074909
0.4231695
-0.2375574
0.006508309
0.1449142
-0.4931291
-0.292721
0.06514809
0.4477845
0.1284214
-0.1774177
-0.3677764
-0.06825133
0.1711501
0.1060344
-0.1445207
-0.4312895
0.3623969
0.3124585
0.00286318
-0.004020954
0.2533827
-0.4664902
0.1900429
-0.1289048
-0.02156708
-0.3387046
-0.323884
-0.01069672
-0.05129923
0.4202418
-0.2856368
0.4111136
0.1478787
0.3924961
-0.07271638
0.4893918
-0.3740444
-0.1160554
-0.2177135
-0.05214729
-0.2240172
-0.09105557
0.1005348
-0.1145631
-0.3158992
0.3410214
-0.472797
0.3533278
0.4284688
0.05917513
0.2004029
0.2169737
-0.2422972
-0.3627715
-0.2684946
-0.488265
0.1197841
0.1182485
-0.2646176
-0.4726484
-0.4173584
-0.3214266
0.1552825
-0.3451228
-0.434375
0.2469165
0.3591058
-0.2086497
-0.05248286
0.03717736
-0.4582196
-0.4714296
0.3904598
0.4803366
0.3135015
-0.45742
0.268451
0.0634347
-0.3486247
-0.01231449
0.04761594
0.0650252
-0.2311053
-0.059444
0.3477475
-0.4444652
-0.2304339
-0.009676373
0.3322265
0.2048703
-0.3378339
0.3568982
0.4521385
0.262217
-0.078126
-0.2330863
-0.000619291
0.1411358
0.06622335
-0.3558091
-0.4208479
-0.02635917
0.1944678
-0.04934426
-0.489619
-0.3721659
-0.04394375
0.3340238
-0.2005929
-0.3130763
0.2488823
-0.3962112
0.2907381
0.0393042
0.3732074
-0.2591206
-0.2735651
0.409175
0.2428758
0.3180197
-0.2582934
-0.2803045
0.2187918
-0.1931364
-0.03886403
0.08145875
-0.1703533
-0.04338367
0.462428
0.1844521
0.08739107
0.4280922
-0.2480558
0.4526479
0.2294373
-0.05275367
0.2855321
0.2347666
0.06679822
0.1158793
0.3326373
-0.1470275
0.2792467
-0.4775297
-0.03221848
0.4478908
-0.3614005
0.1622984
-0.196105
0.3376176
0.4265953
-0.4507764
0.1693629
0.3880365
0.04687177
-0.3374891
-0.2868873
0.2439109
0.2092449
0.0480804
-0.1492745
0.2271719
-0.2321406
0.1859804
-0.1390755
-0.1189421
-0.1683832
0.2594039
-0.4294093
0.4197323
-0.412177
0.07107467
0.1013032
0.398923
0.3772426
-0.3167593
0.04098783
0.3360076
0.2563989
-0.190417
-0.1277179
0.08809402
0.2509088
-0.09768638
-0.162736
0.3651583
0.1561933
0.0679632
0.1009102
-0.1437008
-0.3795044
-0.4758397
0.1686359
0.151872
0.01993446
-0.2351129
0.2649834
0.3803237
-0.3486786
-0.2119218
-0.08959197
-0.1913463
0.3994882
0.4981023
-0.02733695
-0.1474763
-0.1879129
-0.2236871
0.05890967
0.1961714
-0.00253629
0.148541
-0.353209
-0.1794626
-0.08419432
-0.1751327
-0.4454839
0.1254799
-0.3414448
-0.405206
0.128228
-0.04137923
0.09120221
0.2879744
-0.002039662
0.2981562
0.178792
0.1154979
-0.05323149
0.03934697
0.3822715
-0.2217523
-0.2269503
-0.4255234
0.32145
0.2356973
-0.04038998
-0.0862645
0.4721377
-0.480762
0.3028405
-0.4531334
-0.1066641
-0.01696984
0.2450722
0.1729604
-0.08881883
0.3953168
-0.3564809
0.2224763
0.09819176
-0.3461947
-0.03071963
0.1206497
-0.09040295
-0.3644332
-0.4659198
0.3392607
-0.3300571
0.2451316
0.3989236
0.4176938
-0.1909397
0.04699931
0.3720167
-0.04207527
-0.2491906
0.1355838
0.1211492
0.2729445
0.4115195
-0.3273997
-0.01995825
-0.05533706
0.01381483
-0.02504751
-0.4845779
0.4996457
-0.1216227
-0.1189347
0.2714036
0.3471941
-0.05582978
0.2031112
0.1370609
0.4685428
0.468255
0.2426572
-0.312837
-0.1271849
-0.01198499
0.315647
0.2772093
-0.3041694
-0.3811164
0.145197
0.05820506
0.4513528
0.4898631
-0.226827
0.1632866
-0.07106341
0.02090468
0.2532558
0.4654578
0.2574691
0.2203981
0.2504363
0.4866339
-0.03973043
-0.3219193
-0.2079743
0.1644708
0.3045716
-0.2474919
-0.4245797
-0.3557577
-0.3665663
-0.0555678
-0.2576313
0.3971724
-0.2284075
0.1401702
-0.1374751
-0.370565
-0.0222603
0.1526335
0.2132486
-0.01286444
0.2607685
0.2645846
-0.2447065
-0.4826791
0.4223156
-0.2977344
-0.02398458
-0.3022944
0.1383298
-0.05400534
0.05101292
0.3314208
0.3519803
-0.189631
0.4474378
-0.0203922
-0.299764
-0.3205581
-0.07973558
-0.4248582
0.1278277
0.4937479
0.3407156
-0.02708028
-0.2587956
0.01301222
-0.09917568
-0.08071261
0.09487441
0.06679683
-0.0105575
0.06251787
-0.4139666
-0.1906491
-0.05921989
0.121529
-0.1718999
0.4876214
0.2099057
-0.1671998
-0.4339179
0.4177296
0.2267877
-0.458185
0.3104253
-0.2493796
-0.4531142
0.3223867
-0.1030316
0.3549166
0.2301561
-0.4614287
-0.4575706
-0.3371714
0.5036579
-0.2880917
0.1750883
0.4250218
0.07879908
-0.1828151
0.3834516
-0.006352299
-0.006844861
-0.186506
-0.1414191
0.1422318
-0.3853875
0.3397795
0.002630836
0.1884578
-0.06455358
-0.120913
0.2868186
0.09162835
-0.1361231
0.05998063
0.426502
0.1809287
-0.02182986
-0.4494143
0.3498533
-0.05246987
0.3443484
-0.2181659
0.1887559
0.5002133
-0.4246614
0.2745391
0.4191238
0.3086904
0.01689571
0.01109208
-0.01432175
-0.4961977
0.4126704
0.1909716
-0.3631243
-0.3526644
0.183903
-0.2531689
-0.1918045
-0.1253175
-0.1516909
-0.1399902
-0.4912376
-0.22776
-0.2782541
0.2812814
-0.02251603
-0.4874608
-0.3671467
0.4005491
-0.4622155
0.2760732
0.3035003
-0.1225538
-0.4793902
-0.0117615
-0.09432612
0.1997671
0.008028482
0.4630267
-0.3569578
-0.234073
-0.103678
-0.4497023
-0.4703362
-0.05375294
0.07078832
-0.4376015
-0.1635657
-0.3429016
-0.2653393
-0.02818922
0.4212933
0.4541548
-0.0908258
-0.4227703
-0.003692177
-0.1812864
0.478483
0.09282453
-0.1181295
-0.2665925
-0.195602
0.05947111
-0.1246501
-0.2782295
0.1134852
0.3317003
0.1607601
0.2049879
0.08098496
0.1018584
0.4122409
-0.3471542
-0.3414029
0.3978933
-0.07022742
-0.4444095
0.3693967
-0.3457827
-0.2047399
-0.3408021
-0.4707653
0.03543876
0.02641632
0.3064965
-0.02943911
-0.2619011
-0.4914819
0.3008589
0.3742157
0.04441525
-0.4672651
0.3066801
-0.1147248
0.04603416
-0.1425991
-0.2516732
0.3849264
-0.3585828
0.4947138
0.02158215
-0.2842963
-0.3055089
0.3714859
-0.4483447
-0.05961989
-0.1176212
-0.06671409
0.1113331
0.1066687
-0.2550234
-0.184954
-0.3146845
0.2217671
0.3390014
-0.2972096
0.004686682
-0.3223184
0.3335985
0.3635467
-0.1241768
0.4881512
0.02701545
0.2136033
-0.4384792
-0.09572964
0.2547961
-0.1975145
-0.3841774
-0.0494518
-0.4411578
0.1135686
-0.2322778
0.05451705
-0.4303928
0.3544286
0.3457573
0.3289661
0.1873287
0.1144096
0.475365
-0.418964
-0.315994
0.4399942
-0.002511295
0.05782154
0.01637128
-0.3976944
-0.167017
-0.3422916
0.1624902
0.4727115
0.2424285
0.2019551
0.4427849
0.4050007
0.4544596
0.1519016
0.3217489
-0.2888365
0.09286197
0.06579716
0.2407925
0.5033098
0.1237161
-0.3292956
-0.3668418
-0.2437447
-0.2783175
-0.2172626
0.1897552
-0.0905082
0.343224
0.1757288
-0.2942974
-0.08991993
-0.2722993
0.3320288
0.2762096
-0.3445808
-0.06962653
-0.4383961
-0.04163423
0.4101319
0.3652901
0.001789761
0.3875553
-0.2313194
0.4255414
0.3911936
0.2212706
0.1155701
0.1142522
-0.08208233
0.4312754
0.07728811
-0.2658979
0.01153602
0.2416321
-0.3976502
-0.1531821
0.1908863
-0.1707875
-0.3245269
0.2307552
0.09717643
0.01217208
0.3493776
0.3201651
-0.07053478
-0.4855487
0.2092691
0.2380135
0.4390116
-0.006848263
0.474178
0.4515056
-0.1330499
-0.4220068
-0.4393563
0.4384736
0.1163844
0.005920104
-0.3811185
0.439283
0.4935842
-0.4383118
0.1715991
0.436664
0.1011329
0.3846768
-0.1387571
0.4945877
-0.155835
-0.3601575
0.2250492
-0.1622747
0.02840762
-0.07711344
0.3836238
0.05680143
0.05307712
-0.3075083
0.3585516
0.4271603
-0.4074102
-0.3918875
-0.008339274
-0.01961484
0.4320593
-0.002991324
0.05319313
0.07027219
-0.3687656
-0.2927736
0.4877474
0.1995572
0.4905288
-0.4611109
0.4916099
-0.2386756
0.4859862
-0.06278907
0.4517559
0.3840487
-0.03094305
0.004251138
0.3697015
0.4900014
-0.09626945
0.3746105
-0.04015505
0.3552877
-0.3508075
0.06816462
-0.1213604
-0.4388741
-0.1356999
0.4045281
0.4395078
-0.2079191
-0.4228736
0.1282521
0.4457856
-0.1586618
0.4020104
0.4136463
-0.4590756
-0.03811877
0.1801007
-0.2652916
-0.04446391
0.02762834
-0.4817225
-0.4945156
-0.4101703
0.1840091
-0.4660836
-0.1938595
0.06650239
-0.4709238
0.2273861
0.07449863
0.0249777
0.122466
-0.07112196
0.4180919
0.1200559
0.2645226
-0.2120605
-0.4268036
0.1437434
0.0336128
-0.139208
0.2114106
0.2827459
-0.03261764
-0.06092166
0.4350022
0.2779776
0.2697471
-0.0439191
0.0643049
-0.0833276
-0.1315963
-0.366187
0.3540403
-0.1848267
0.01634106
-0.3294565
-0.05620104
-0.06336063
0.0934796
0.1096975
0.381833
0.1373434
0.03876233
-0.2396668
-0.2929879
0.05146539
-0.04871682
0.003794535
-0.3955958
0.166472
0.394151
0.2692084
0.3950956
-0.3778544
0.1431111
0.3686454
-0.286751
-0.129262
0.01757539
-0.3675251
-0.3844235
0.08066078
-0.3612716
0.4560544
0.1437656
0.4786168
0.3594773
0.1504891
-0.09185986
-0.2823287
0.3299148
0.0555776
0.04382747
0.3677619
-0.03536533
0.4839191
0.3943987
-0.1708491
0.2643279
-0.4562943
0.0598562
-0.1132878
0.4319997
-0.07023814
-0.2160958
0.281526
0.4844778
0.4127782
0.1631471
0.02680444
-0.2170798
0.2874251
-0.4870965
-0.1417854
0.2797925
-0.1785699
-0.4071625
0.1674491
0.291353
-0.2888221
0.1595828
-0.3777887
0.2283955
-0.4574414
-0.4016499
0.002228947
0.3266748
-0.03376347
0.3252296
0.3626019
0.38844
-0.1933881
0.2033492
0.4900958
0.3458386
-0.1712275
0.05641486
0.274869
-0.3237282
-0.1667465
0.3844799
-0.3032628
0.3543192
-0.307375
0.05158251
0.2066625
0.3206762
0.0008077056
0.273135
0.4678795
-0.3514092
-0.07365685
-0.003774933
0.3949929
-0.3234044
-0.248754
0.1785003
0.4385159
0.07514826
0.4551318
-0.2840429
-0.296897
0.2241158
-0.1673749
0.1337269
-0.4024751
0.4379418
0.336994
0.3112282
-0.4213523
-0.002596471
0.0916594
0.4015578
0.3331264
-0.4260711
-0.2551173
0.1357431
0.3371297
0.3689851
0.3453317
0.3049051
0.3917838
0.3887212
0.3749338
0.1529804
0.180016
0.06862658
-0.1260832
-0.1414457
0.2623229
-0.09510321
0.2313453
0.4798185
-0.4054555
0.3424548
-0.2203559
-0.1796793
-0.4561999
-0.3728217
-0.1557743
-0.4215543
0.4958258
0.1489749
0.4333686
-0.3535997
-0.2400613
0.04122733
0.1315842
-0.2489316
0.00625155
0.1862329
-0.1745514
0.08908401
0.31752
0.06728658
-0.0008224617
-0.2653737
0.1133343
0.006012623
-0.1590935
0.2969892
0.4054073
0.2042887
-0.007735654
-0.4965739
0.006413758
0.4466049
0.4730251
0.1836514
0.3088842
0.1960455
-0.4937659
0.08943113
-0.1296882
-0.3394846
0.002479109
-0.1987758
-0.435446
-0.1910371
-0.3444728
-0.05461035
0.4595351
0.3727402
-0.4779835
0.4696493
-6.864479E-05
-0.4837358
-0.01840248
-0.3971926
-0.16958
-0.1477284
-0.1741303
-0.1522375
-0.1867483
0.1169618
-0.4385809
-0.1021637
-0.2261606
0.2695754
0.1499865
0.468279
-0.03037454
-0.1878715
-0.4045833
-0.4450946
0.2181777
-0.05793545
0.07421896
0.3533975
-0.4306379
-0.03222368
0.2373222
0.00693545
-0.3411563
0.4687589
-0.04124347
0.04760174
-0.1147377
0.3624095
0.4202206
-0.418254
0.1640966
-0.3037053
-0.4728102
0.338661
-0.2902529
0.1755235
-0.01620294
-0.2018099
-0.06635897
-0.4514985
0.2158416
-0.2976739
-0.2664462
0.1725399
0.1936513
-0.06216393
0.2031041
-0.4604898
-0.001990468
0.4422868
0.1351704
0.1170875
-0.3240627
-0.2642958
0.1842039
-0.3763813
-0.1782992
-0.03136583
-0.09572266
-0.1158606
0.424107
0.4717342
-0.1714723
0.09102451
-0.2602122
-0.2170031
-0.4165867
-0.08154178
-0.1385762
-0.2210659
0.2389605
0.02929546
-0.1505688
-0.3833242
0.3306363
-0.3819283
-0.175973
0.4102119
-0.2232604
-0.1816556
-0.287975
0.3975621
-0.05865162
0.03613616
-0.3423187
0.1853913
0.3637311
-0.06684733
0.1032894
0.4203632
0.07351014
-0.4414878
0.4150525
-0.3619214
-0.2033868
-0.3443166
0.3320487
-0.4026434
0.327438
0.06507831
-0.4080752
0.2625172
0.236743
-0.3402336
0.2200664
0.2181822
-0.3190942
0.1223399
-0.4429257
0.4887831
-0.2404768
0.3696905
0.3592911
-0.04778434
0.276592
0.3751212
-0.466069
-0.3241159
-0.2299307
-0.4486078
-0.0749071
0.4658229
0.09128695
0.3001308
-0.3158588
0.4477536
0.2769629
-0.3173062
-0.09577604
-0.4029853
0.4423325
0.2117863
0.3391601
-0.2001886
-0.4390207
-0.166284
-0.4746566
0.473884
0.2466166
-0.2080859
0.1624862
0.1931749
-0.3437155
0.04229764
-0.01270806
0.1112492
-0.02570917
-0.3740884
0.4580403
-0.1683392
-0.1119628
0.1493548
0.1983499
0.2174956
0.1012656
-0.1181566
0.4149493
-0.04954642
-0.4006186
-0.1184496
0.1889739
-0.3043674
0.3679234
0.2668042
-0.1729008
0.06478462
0.2269279
-0.1727308
0.4849418
-0.3357522
-0.1035725
0.397457
-0.3038988
0.4353208
0.1553289
0.2763324
-0.241098
0.3542201
-0.3345727
0.2858616
-0.4644469
-0.1636836
-0.4037383
-0.4810203
-0.07784295
0.2696559
0.3431745
-0.4193527
0.4703465
0.02807016
0.1253085
0.2270966
0.4854447
0.08611163
0.4066714
0.2678167
-0.01962558
-0.285155
0.3877853
0.2165233
-0.1555911
0.1212592
0.4556996
-0.3112852
-0.1933568
-0.4222526
0.08589011
0.1932884
-0.1911394
0.3541178
0.05261308
0.3425933
-0.02735928
0.08966485
0.2649553
0.4762489
-0.289416
-0.2175939
0.3508373
0.05987677
-0.4203231
0.009036765
-0.06639209
-0.2270496
0.3244849
0.2692888
0.442942
-0.4776334
0.1314899
0.09008601
-0.3020435
0.07517494
0.04535956
-0.1696431
-0.2661572
-0.3043292
0.3597636
-0.004569632
-0.2347881
-0.04230998
0.06181581
0.07272234
-0.2551845
-0.07419407
-0.05758426
-0.3806748
-0.2091012
0.2236817
0.3117216
-0.307752
0.3544294
-0.02838931
0.09413162
-0.1883232
0.03166625
0.2852209
-0.4123184
0.1773854
0.464234
-0.3648062
-0.2821446
-0.4119344
-0.04875609
0.350878
-0.1842808
0.5028602
0.09121653
-0.4312061
-0.3580992
0.1657615
0.1804421
-0.01865359
0.009177765
0.2220716
0.2448653
0.1443041
0.433259
-0.3699009
0.2702329
-0.4446217
0.2066933
-0.1857052
-0.4183037
0.03024092
-0.1217775
-0.3880436
-0.3669594
0.1920132
-0.4663204
-0.2578298
0.09086715
0.3084226
-0.1518188
0.09829932
0.2611526
-0.448254
-0.4495792
0.03059829
0.1927223
0.3300205
-0.302152
-0.3402626
0.4569528
0.2069418
-0.05235711
0.01504415
-0.1026474
-0.42815
0.4190282
-0.08347376
0.1501023
-0.09413131
0.1112995
0.2220638
0.03810713
-0.07878534
0.2589223
0.3552259
-0.3746364
-0.2419336
0.4583144
-0.4079034
-0.112537
-0.1499809
-0.0227792
0.05445694
0.04664665
0.3212348
-0.2314781
-0.2606444
-0.2540527
0.368472
-0.2755572
-0.1386269
-0.09451189
-0.194892
0.2220379
-0.1344926
0.5105707
0.4798603
-0.1318765
-0.2024505
0.07239627
0.2795088
-0.2056672
0.005764372
-0.0790725
0.4856981
-0.3782785
-0.2962697
0.01275446
-0.2580935
-0.2361918
-0.04553058
0.09665256
-0.1610148
0.4268165
0.1137519
-0.2008992
-0.3535112
0.294101
-0.4609308
-0.421053
0.4509178
-0.4560626
-0.1380318
0.325181
0.3328909
-0.07901128
-0.4696476
0.4943802
0.2580309
0.2246467
0.418668
0.2463942
0.2350353
0.3261249
0.4290877
0.257283
-0.3558895
0.1183227
0.4387696
0.02854065
-0.3829342
-0.07179002
-0.3096795
0.2807333
-0.2287444
-0.1886716
-0.4323981
-0.019156
0.3961541
0.4449562
0.4715728
0.4854801
0.1176718
0.07877772
0.1613131
-0.4617083
0.06644534
0.1856936
0.003768899
-0.2491821
0.4983658
0.09995802
0.09000873
0.2125424
-0.3438029
-0.4579055
-0.08761376
0.06632867
0.1650046
-0.2122355
-0.2798589
0.1619831
0.4200275
-0.3995202
-0.3773812
0.4773668
-0.1086521
0.2856722
-0.2751152
0.3053962
0.3655993
-0.1353995
0.006852651
0.02792539
0.2442642
-0.1613139
-0.3367138
-0.4576902
0.174848
0.371429
-0.1353556
0.0731302
0.4559571
0.1485236
-0.2135691
-0.04409125
0.02998058
-0.3689838
0.1742098
-0.1864181
0.3888623
-0.194212
-0.1835193
-0.406423
-0.4249921
0.1075261
-0.02300844
-0.3962465
0.3405677
-0.1717215
0.3812086
0.04395246
0.4866492
0.1107215
0.3859794
-0.08332773
0.1519537
0.4534143
-0.1001397
0.2122174
0.01796057
-0.1990402
0.3906635
-0.132921
-0.08339277
0.4368518
-0.1303682
0.3072641
-0.4730582
0.009592219
0.0003020065
-0.157606
0.4451045
0.3516725
0.4361168
-0.1601134
-0.1273072
0.4156772
0.1192755
-0.1798324
0.1867281
-0.299305
0.1357212
0.4874372
-0.1128888
-0.4295227
0.197012
0.1014409
-0.2815309
-0.1312696
-0.4243799
0.2128723
-0.3665052
-0.3328736
0.3045898
0.04186588
-0.142463
-0.0267905
-0.3123725
0.2503186
-0.2321485
0.1035385
-0.01436592
0.02972915
0.1491152
0.1594279
0.4226501
-0.5024372
-0.279945
0.3431748
0.1882994
-0.4405049
0.2129886
-0.4620618
0.1058017
0.2926428
-0.2707346
0.2086765
0.08255231
0.3422282
0.07568077
0.3933849
0.1299699
-0.2338573
-0.270838
0.4220168
0.351151
-0.07718617
-0.3006554
-0.2171478
-0.08352122
-0.1490196
0.1862666
0.2923098
0.1115538
0.1156753
0.00481805
0.0895599
-0.1345818
0.09205916
0.319129
0.4775465
-0.4867889
-0.1306685
0.293509
-0.3247109
-0.4266493
0.3200856
0.4200445
0.3978909
0.182021
0.4357803
-0.2238959
0.396516
-0.1732319
0.3964489
0.3810238
0.1709713
0.3891261
-0.4577294
-0.3556606
-0.1712461
0.1496702
0.1172808
-0.4866383
0.2496491
-0.4529783
-0.1598786
-0.2714989
-0.05346423
0.1979794
-0.09954782
0.3088411
0.1519545
-0.3356792
0.1299736
0.1226467
0.2345332
0.3865786
-0.1682477
-0.4705108
-0.3007803
0.02982802
-0.3334744
-0.3488908
-0.39358
0.1935035
-0.4281042
0.2457169
0.3877988
0.1131489
-0.3480321
-0.1502008
0.391828
0.3893565
-0.06430594
-0.3080432
-0.1655283
-0.2916903
-0.305893
0.0492478
-0.1383935
0.370199
0.08410811
0.3896988
0.01362583
-0.09392689
-0.3715662
0.2995556
-0.3116072
-0.3211116
0.2639805
0.4122703
-0.4451228
-0.01711919
0.4868057
0.4480419
0.263737
0.2510155
0.1122903
0.1166119
0.2100253
-0.3962641
-0.3983133
0.4376825
-0.1307556
0.04840429
-0.2359904
0.2691789
0.1543625
-0.2864816
0.02062484
0.4723448
0.22646
-0.3534385
-0.2845279
-0.199142
-0.003005771
0.1960386
-0.315297
-0.350251
0.4460434
-0.1601551
-0.3204717
-0.2349297
0.3828177
-0.4610643
-0.2592735
-0.4904034
0.03093392
0.38945
0.4583264
0.08587992
0.04767824
0.4512087
-0.4492605
-0.1338923
-0.341626
-0.05223541
0.1258657
-0.3176264
0.4095321
-0.0497533
0.1323403
-0.3885696
-0.2299463
-0.05615601
0.2227864
0.2356717
0.1135513
0.4820824
0.2070648
0.2258954
-0.3104989
0.2156544
0.1270901
-0.3789306
0.1271383
-0.3763742
0.3636992
0.4878941
-0.1653201
0.2896533
-0.3145975
-0.03458806
-0.2185815
-0.4492532
-0.1281055
0.1103546
0.3740667
0.2862625
0.1039057
0.2641
-0.3762071
-0.3203831
-0.06771774
-0.2817867
-0.3296254
-0.004254855
0.1596428
0.3062582
-0.07962035
-0.3474394
-0.3491904
0.02804202
0.03959241
-0.3249611
-0.07508015
-0.4238657
0.1750791
0.4485017
0.4995888
0.065902
0.03141919
0.338922
0.107004
-0.3301511
-0.1848936
-0.06022181
0.1304292
-0.4655808
-0.2133421
-0.2874661
-0.4274565
0.2666273
0.06595127
0.0418611
0.0835684
0.1694388
-0.3422182
-0.03913419
0.1794332
0.02911404
-0.05017871
0.3884909
0.5082556
0.2908657
-0.249496
-0.1847335
0.3705561
-0.4052876
0.2617851
0.4455682
0.4583888
0.3481166
-0.009870468
-0.1272509
0.1845451
-0.1682979
0.1288841
0.3840175
0.1304778
0.01011549
-0.1501665
-0.2998579
-0.3883273
0.3788383
0.1920248
-0.2642533
0.04871526
0.2637416
0.4463148
-0.3963434
-0.2845146
0.06905172
-0.2675716
-0.4376419
0.08769798
0.1728558
-0.1379926
-0.298159
-0.01777312
0.4973869
0.2915374
0.2589052
-0.08712446
0.2825835
0.3521054
0.3855338
0.1674764
0.1627392
0.3340071
-0.1394474
-0.3833327
-0.1101719
0.04518727
0.06905099
-0.1459593
0.3614812
0.1775782
0.4538961
-0.2911987
0.01162101
0.4383684
0.1645137
0.1359625
0.2598623
-0.3321075
-0.2954168
-0.03446444
0.1861424
0.05276731
0.318242
0.1671349
0.4637215
-0.4384
-0.2495545
-0.1323562
0.470798
0.1656726
0.05147204
0.04084812
0.3275129
0.09622104
0.1062792
0.06910251
-0.1083177
-0.3334523
0.04275856
0.4452272
-0.05009107
0.4114493
-0.1066103
-0.2310552
0.1811485
0.1929163
0.1823475
-0.1824655
0.370344
0.2118938
-0.3653705
-0.06829993
0.375652
-0.3297542
-0.3799029
-0.3398212
-0.4877925
0.2778963
0.06700522
0.3057813
-0.396474
-0.1014108
0.2795436
0.4249041
-0.2605649
-0.4657024
0.2718779
-0.1959927
-0.2138668
0.4599749
0.4115705
-0.04893378
-0.1890485
-0.0213565
-0.2059388
-0.2288475
0.141197
0.1121301
0.02902846
0.3075701
-0.442705
0.01700035
0.3082334
-0.3550542
0.05579439
-0.350457
0.2541959
0.3876512
-0.1821488
0.04794517
0.2562082
-0.40417
0.3995483
0.07529006
-0.4819632
0.4911114
0.09205948
0.3909713
0.4275748
-0.1128292
-0.442154
-0.4435849
0.2746815
-0.4350756
0.174544
0.1167149
0.1259861
0.2340675
0.1241538
0.4732744
-0.08976787
-0.3792477
-0.06614947
-0.4895183
-0.4704672
-0.4755024
0.03067089
-0.3001045
0.4075843
-0.2661757
-0.04240425
0.3659432
-0.1561668
0.4114206
0.4245653
0.3684717
0.1904951
-0.2458781
0.3236378
0.1743716
0.1488405
0.3951248
0.4994501
0.07685363
-0.114795
0.4211624
-0.427663
0.327513
-0.3728208
0.0308044
0.1441434
0.04623236
-0.5062397
-0.3888378
-0.4015674
0.3923059
0.2484833
0.4887306
0.1728456
-0.3401848
-0.1952139
-0.1522491
-0.3933889
-0.2552469
0.2298192
-0.3232365
-0.4258805
-0.3013599
0.1663093
0.2331883
0.04952846
0.290033
0.149488
-0.4006115
-0.1616284
0.3634523
-0.3948143
-0.1570502
0.4100795
-0.3659572
-0.2268725
0.06070717
0.0487753
0.2377397
0.4254036
-0.4037306
0.2924094
-0.4003483
-0.3276216
0.2650469
0.3017912
0.0136462
0.06146948
-0.431277
-0.3908806
0.3549381
-0.2249307
0.3792445
-0.2471511
-0.002486297
0.3092794
0.2500554
0.41774
0.4748311
-0.259419
-0.4023236
-0.5067867
-0.2448352
-0.3109587
-0.4861816
-0.388423
0.1463537
0.3079459
0.3969903
-0.1480656
0.3056708
0.2853817
-0.4777718
-0.3720625
0.3696887
0.3786244
-0.325432
0.4382745
-0.3481944
0.4343686
0.2963497
0.3778117
0.1461435
0.3412871
-0.2532108
0.3523997
0.3476864
-0.3662031
0.3897617
-0.4781073
0.1245524
0.2292648
0.1360416
-0.1165584
-0.3773805
-0.1988423
0.2664135
0.4709959
-0.1990739
0.3851767
0.1345156
0.07116597
-0.08311675
-0.3624981
-0.1713564
0.4770672
0.1238946
-0.4470139
0.4975538
0.1697569
0.4689476
0.1211142
-0.4756209
0.4624174
0.1460625
-0.1312405
-0.1302673
0.3713644
-0.4353188
0.2034725
-0.1464763
0.1868993
0.01849685
-0.4733997
0.2185743
-0.279896
-0.1262392
0.3935206
0.3067579
0.3800704
-0.2516659
-0.3865359
0.44889
-0.02126723
0.45286
-0.3189335
0.342811
0.1884611
-0.2922364
0.3801461
-0.02450596
0.4794824
-0.42988
-0.3381805
0.1892614
0.4508412
-0.2632662
0.1090586
0.1605464
0.3773154
0.4361841
0.3913398
-0.3304509
-0.1059302
0.1195864
-0.002421556
0.1111583
0.4529061
-0.3275735
-0.3618689
-0.3735545
0.4233325
0.3318316
-0.4057633
-0.3286345
0.4769119
0.05539525
0.3666043
-0.1896693
0.1932569
-0.3582833
0.2408363
-0.2869669
-0.345007
0.2847458
0.002766136
0.005794617
-0.4147934
-0.1315422
-0.3067754
0.1206841
-0.04638679
0.1947919
0.1530084
0.28378
-0.1929726
-0.2080813
0.3203463
-0.1879837
0.4831631
0.1317395
-0.5067489
-0.08965068
0.05300124
0.218872
0.2157126
0.239543
0.4158309
-0.08802965
-0.2768982
-0.04699894
-0.4014308
-0.240878
-0.02890106
-0.219437
0.03423479
-0.3013587
0.00341925
0.1517124
-0.1556855
-0.2727623
0.3195431
0.166593
-0.3148684
0.009573177
-0.3901276
0.02060549
-0.1394632
-0.1037264
-0.03421493
-0.2532171
0.1757049
-0.04229875
-0.4567504
-0.2517075
-0.4334228
0.02265465
0.2438889
0.3763008
-0.2391762
-0.1661815
0.4985092
-0.05373706
-0.4039983
0.5105973
0.3072986
0.306313
-0.009964529
-0.3697667
0.1754773
0.3055262
0.43828
-0.01745581
0.3942458
0.1848242
0.4048906
0.01999631
-0.144842
-0.2024506
0.2383706
-0.284673
-0.5276523
0.5057191
-0.329094
0.3926613
0.02624843
0.1942925
-0.377672
0.0009031077
0.004617361
0.2288199
0.1981787
-0.03975238
0.4968329
0.04444973
-0.205193
-0.1686287
0.2825618
-0.03520703
0.07915453
0.06350876
-0.2750344
-0.4860136
0.1593966
-0.2799364
-0.2798746
0.1556547
-0.1391763
-0.3108589
0.2769408
-0.1571302
-0.1662642
-0.226482
-0.08182219
0.03723254
0.1330122
0.03564864
-0.04197463
0.02706255
0.1964132
-0.03203471
0.497504
-0.4990046
0.004398467
-0.4017701
0.05691889
0.4333292
0.3090346
0.1122883
-0.04160179
-0.2441932
-0.2568176
-0.3809462
0.0364431
-0.1260914
0.3652891
0.2039353
0.07844253
0.05439262
-0.2411613
0.4305245
-0.3115547
0.1381571
0.2569156
0.5025516
0.2638472
0.1795801
0.382626
0.4020625
0.4708367
-0.1980873
-0.008751711
-0.3597955
-0.4656383
-0.192194
-0.1668393
-0.4548298
0.006840881
-0.2000723
-0.1495111
0.001016275
-0.3788455
0.2495869
0.3746258
0.3065003
-0.3221358
0.1755807
-0.01392595
-0.09430204
0.3025278
0.4487033
0.1655529
0.04379765
0.03132815
-0.1252497
0.4947584
0.2997269
-0.5010444
-0.3204831
0.2223575
-0.05001478
-0.06346631
0.04237419
-0.20717
0.4920306
-0.3525993
-0.04999544
-0.2507716
0.1687663
-0.3109068
-0.3330446
-0.2771261
-0.368236
0.2147786
-0.1857711
-0.2027873
0.15668
-0.3977787
-0.0999344
-0.4715331
0.415837
0.1601587
0.1909823
-0.3336008
0.03239093
0.4215098
0.4560352
0.4141924
-0.4473745
-0.3573507
0.3816651
0.3534732
0.300786
-0.4118204
-0.3419782
-0.1811498
0.4916688
-0.4804817
0.08654281
0.05806844
0.01209133
0.1176732
-0.3865394
-0.0912815
0.3907427
-0.196503
0.4428532
-0.1402982
-0.4757938
-0.0508386
0.4974159
0.4265924
0.454911
-0.4181196
0.3591194
0.1365704
0.1065541
-0.05117188
-0.369848
0.1583011
-0.3137253
-0.07101298
0.1635292
-0.3642473
0.1957083
0.08841996
-0.3957893
0.2346145
0.3261617
-0.5021214
-0.1775696
-0.2031402
-0.4338429
0.4433573
-0.4651894
0.4869287
0.1891535
0.1497629
-0.1613656
0.4012109
-0.2029968
0.00085185
0.2656494
-0.1122576
0.4562575
-0.04436404
-0.3160073
0.1706827
-0.1088751
0.07957791
-0.302656
-0.2532528
-0.3192527
0.07660744
-0.2580853
-0.2791671
0.03434926
-0.338328
-0.1463834
0.3841948
0.09113766
-0.1551233
-0.4805416
-0.3639405
-0.3450257
-0.02078926
-0.355559
0.06536955
-0.4099665
-0.1163838
-0.06098204
0.42929
-0.4362583
0.02753343
-0.04176843
0.4499022
-0.2365066
-0.4339514
0.3983718
-0.02313734
-0.4571119
0.4387904
-0.1165241
0.4434073
-0.08882816
0.491149
-0.24568
0.4445041
0.2827155
0.04206776
0.3369378
-0.3480063
0.02213031
0.4317628
-0.04004863
-0.137834
-0.06118336
-0.2731551
0.4351029
-0.4732803
-0.3031964
-0.3743109
0.2619768
0.4167687
0.03727473
-0.2252402
0.3595837
-0.2642633
-0.310103
-0.2597836
0.4494031
0.08577368
-0.1088336
0.3075444
-0.4224317
-0.04153773
0.2943723
-0.4052247
0.1647343
0.2935594
-0.4561143
0.4333467
0.1269079
-0.4193826
-0.2940689
-0.1962829
-0.3325754
-0.3576474
0.4881467
-0.3171619
-0.39413
-0.4812131
0.4001403
0.1687533
0.01317684
-0.04087032
0.04187663
0.07879259
0.368751
0.449053
-0.301199
-0.3533995
-0.204673
0.4888522
0.00917285
0.4003506
0.04742338
-0.01961658
0.227284
-0.345039
-0.3037727
-0.2034205
-0.2857642
0.2457145
0.448314
-0.3178937
-0.2672893
-0.4087579
-0.09455996
-0.4276959
0.221253
-0.2025225
-0.1591096
-0.2701365
-0.4531894
0.2739375
-0.2049588
-0.09857146
-0.1945166
-0.3500876
0.4342767
-0.1772004
-0.1352587
0.03922834
0.1150108
0.2510603
0.2093854
0.3337154
-0.3990428
-0.4858426
-0.407645
-0.4207255
0.2681893
0.456722
-0.05020037
0.2533388
0.153757
0.1612473
0.1193108
0.2473894
-0.3537168
-0.3872608
-0.2229111
0.2186334
-0.4928387
0.3438279
0.3014884
0.2779212
-0.1147732
0.2314057
-0.303826
0.1766436
-0.1844746
0.1750483
-0.3928935
-0.3658335
0.07246789
-0.2246042
-0.2028125
-0.3541621
0.03747942
0.1042233
-0.04456964
0.113791
0.4156651
0.04320465
-0.4911029
0.175603
-0.2868049
-0.3387695
0.4814758
0.01400784
0.4729016
0.0720918
0.4708325
-0.2171795
0.5009756
0.1315433
-0.09526819
-0.03517676
-0.3088695
-0.09734479
0.04597013
0.4943382
-0.01777786
-0.04123766
0.07647016
-0.3994851
-0.463041
0.3912589
0.2478968
-0.5073311
-0.05863819
-0.08398115
0.2280842
0.1217784
-0.3751333
0.1920572
0.2485296
0.2259275
0.3570676
-0.3347657
-0.1756537
0.3818473
0.07453901
0.3385141
-0.3820381
-0.1660663
-0.2859737
0.07808146
0.01431158
-0.01971767
-0.2269505
-0.1002
-0.1041714
-0.008313914
-0.3692676
-0.4264785
0.3751668
-0.2388574
-0.07857018
-0.1945074
0.3455779
-0.04248551
-0.2160967
0.319552
-0.2755824
-0.381413
0.5040162
-0.321084
-0.3337927
0.1355685
-0.08764572
0.3137673
0.456119
0.2815664
-0.3850882
-0.3510019
0.05818962
0.4611729
-0.143946
0.06763326
-0.3020365
0.2510433
-0.01970542
-0.07221302
-0.3442029
0.4434924
-0.3838484
0.4419498
-0.06765158
-0.4618366
0.2255555
0.1606212
0.04164181
-0.2584165
0.1931434
-0.004754738
0.4468778
0.3194754
0.1709621
0.4161726
0.305311
-0.2064727
-0.251481
0.5154545
-0.2032073
0.01751655
0.4731998
0.4708186
-0.1267685
-0.2713603
0.440318
0.4773021
0.3753973
-0.1487497
0.1194066
-0.2428849
0.4045313
-0.435001
-0.3832872
0.241967
-0.3534489
-0.3232917
-0.02555006
-0.2667787
0.3430691
-0.3501558
0.08353
0.4830031
-0.007533479
0.06617226
-0.3150499
0.1261163
0.08896262
-0.3815717
0.133622
-0.2776012
0.3490469
-0.4111084
0.313614
0.3830863
-0.4411214
-0.432852
0.3083774
0.1459038
0.4167589
0.02577431
-0.352509
-0.1375097
-0.08635928
0.06073571
0.3806616
0.4639716
-0.1782285
-0.3788538
0.2726645
-0.3464746
0.1866939
-0.3592589
-0.1412987
-0.4556146
0.212732
0.4183686
-0.3531114
-0.03575874
-0.3707643
0.3831971
-0.3285328
-0.2616991
-0.03502977
-0.383789
-0.3804911
0.03912383
0.1298232
0.03433837
0.3961104
-0.3262928
0.3444689
-0.1420896
-0.02923452
0.1675012
0.008355831
-0.02677742
0.1374548
-0.06756405
0.3592096
-0.1897463
-0.0226438
-0.4078867
0.4922934
0.2410273
-0.4332147
0.1177876
0.146164
0.1956084
0.2987121
0.02490612
-0.09946393
-0.2155636
0.2937002
0.234843
0.163524
0.2649852
0.3527278
0.2281601
-0.4054925
-0.07431795
-0.1745954
0.3705621
-0.2453958
-0.0381928
0.1662992
0.1054525
-0.3338551
0.1115967
0.4699485
-0.4185294
-0.2533819
-0.05642372
0.2190902
0.1332691
-0.02713001
0.3971812
-0.05303784
0.1840284
-0.04620653
-0.1663758
0.154727
0.415631
-0.06297896
-0.06434236
0.3573475
0.46662
-0.4041839
0.4926392
0.4774311
0.3869187
-0.1898211
-0.4807552
-0.03669408
0.2729259
-0.4589839
-0.5043365
-0.1022527
-0.1455721
-0.1892803
-0.339522
-0.318442
0.4205006
-0.2403156
-0.03103848
0.3600703
-0.03119926
0.328995
-0.1820958
0.3677739
0.2035117
0.1703309
0.3893269
0.2490996
-0.2989852
-0.3923141
-0.2350172
-0.09375893
0.01218251
-0.08165538
0.1777298
-0.2704355
0.2938152
-0.1933008
0.3007744
0.4089124
-0.196077
-0.2766146
-0.2245678
0.2357265
0.4883175
-0.4569761
-0.3962592
0.314822
0.2807858
0.124299
0.2462178
-0.3123056
-0.2636255
-0.1547163
0.04435993
0.06868584
0.1161351
0.08680551
-0.1871438
0.1538745
0.0347544
0.1981101
0.1472522
0.3214627
0.2446311
0.3247167
-0.3801851
0.0972146
-0.1923658
-0.36509
-0.4056143
-0.3601283
0.01349026
0.308757
-0.388381
-0.1814547
0.117778
0.5093538
-0.1502409
-0.3479353
-0.4189168
-0.1756179
-0.08370885
0.07153176
0.08883119
0.09376967
0.2576023
0.1403322
0.179023
0.3695984
-0.3704171
-0.3096754
-0.4911329
0.1906825
0.2973052
-0.3006237
0.1961046
-0.04226935
0.1208509
0.1600118
-0.05594911
-0.385407
-0.03476019
0.1240816
0.08495741
-0.08510286
0.2427905
0.1674595
0.2388229
0.454421
0.3012331
0.4581688
0.4070461
-0.03399501
0.06505024
-0.1643514
0.2301571
0.5095057
-0.5106876
0.04719497
-0.4257618
0.1775265
0.4781951
0.1487472
0.1826556
0.4544604
0.1512032
0.3389781
-0.2628349
0.2091389
0.04576502
0.425283
-0.2427181
-0.1361106
-0.1938768
-0.3822747
-0.07600188
0.4727508
-0.5226684
-0.2296336
0.3780202
0.2490219
0.1494283
-0.3557729
0.2588853
-0.05056144
-0.2778727
-0.1431655
0.4975975
0.3805604
0.05433201
0.3539554
-0.2541364
0.4166503
-0.387071
0.02898689
0.3523731
-0.4012575
-0.1685538
-0.04759128
0.4989641
0.2806413
0.1687698
-0.04133142
-0.4048697
-0.4431154
-0.1982378
0.2359962
0.2015107
-0.3959294
-0.3633116
-0.1452136
0.4926348
-0.3817078
0.4665315
-0.2398397
-0.06902312
-0.4214471
0.03310862
-0.338857
-0.4035728
0.02426839
0.03652402
0.2437474
0.2280029
0.2909651
-0.2494573
0.285601
-0.2094149
-0.2474656
0.3023048
0.1692955
-0.2285245
0.38904
-0.3261529
0.03492249
0.2566308
0.03694204
-0.3072991
0.002310819
-0.4646839
-0.3644778
0.3588195
0.3487711
0.2769005
-0.459697
-0.1700809
-0.01107546
-0.2960188
-0.1469524
-0.2088626
-0.4432781
0.2955848
-0.4340238
0.1581451
-0.1957197
0.001287782
0.2789996
-0.1903494
0.05138225
-0.1739491
0.2520543
0.07881795
-0.2942946
-0.4218054
0.490837
-0.01003187
-0.3472413
-0.1632429
0.4361802
0.4312378
0.438542
0.3552741
-0.338446
0.3717774
-0.4230377
0.211403
-0.04281013
-0.4179697
-0.09971663
-0.243348
-0.05191658
-0.02756965
0.2554236
0.4488715
-0.4486397
-0.3959699
-0.4478287
0.2918555
-0.3376903
-0.4707685
0.1137809
-0.3052318
-0.2387525
0.07627381
-0.4038898
-0.2486246
0.1564401
0.4759585
0.2193815
-0.1857527
0.3844259
-0.1423799
0.315925
-0.39781
0.3096853
0.08291027
-0.4002459
-0.3799216
0.09962437
-0.2918397
-0.05596062
0.4842809
-0.3463146
0.0298886
0.1813084
0.07147475
-0.1809059
0.1291346
-0.5071333
0.226727
0.3322521
-0.3306343
0.103683
0.1149138
-0.4467751
0.07335704
-0.4136037
-0.415084
-0.4121687
-0.03994158
0.1500958
-0.164134
0.009590886
-0.3374504
0.2760688
-0.03125212
-0.1802116
-0.2842868
-0.2408391
-0.0250252
0.317814
-0.08277689
0.3193839
-0.05361575
-0.2825002
-0.05141012
0.1052054
0.122493
0.00553526
0.03251648
-0.3127032
0.06744967
0.3996771
-0.223324
0.2289048
0.07766076
0.3874888
0.126003
-0.1941893
-0.1693962
-0.2043834
0.3813805
0.3635306
-0.377299
-0.0665356
-0.4451539
-0.302862
0.2435719
-0.1546987
-0.2823222
0.4605033
0.1749941
-0.3709792
-0.02188083
0.03963699
-0.2392323
-0.246645
-0.1731667
0.387267
-0.01485929
0.1885803
-0.03092868
0.2605847
0.2028484
-0.3276469
0.2635069
-0.01648941
-0.109376
0.2349744
0.2691991
-0.2078262
0.07996193
0.3867304
-0.5039456
-0.03195306
-0.3668039
-0.1651122
-0.1868085
0.4060974
0.4801774
-0.3746344
-0.2290665
0.1722879
-0.4610143
0.3426313
0.260751
0.2965708
-0.3313882
-0.3932146
0.4532928
-0.4059749
0.03697114
0.3959351
-9.622278E-05
-0.4354304
0.2047601
0.4717006
0.3614517
0.1529117
-0.2095863
0.2144195
0.361387
0.3371959
-0.1444916
-0.4270237
0.2157285
0.4768363
-0.4355266
0.1221904
0.3011045
-0.05978734
-0.4198947
-0.249137
0.4896331
-0.07122497
-0.3058971
0.06398778
-0.2605691
0.1594843
-0.01415149
0.27334
0.1368286
0.2315915
-0.02882884
-0.4353736
-0.07655089
0.2370397
0.01966158
0.4127077
0.2590584
-0.3379595
-0.2593104
0.2088766
-0.4080101
0.02393151
-0.4310763
0.4837812
0.2306315
0.08623129
0.1734427
-0.2990614
0.04099073
0.01456807
0.08120576
-0.3392522
-0.04891872
0.2937053
-0.1036771
-0.03008461
0.1404696
0.4393863
-0.05331317
0.4068354
0.3592865
-0.384099
-0.03309274
-0.3332902
0.2366756
0.3489844
-0.4779792
0.2291416
-0.2481936
-0.01044596
0.4322089
0.1013013
0.3960826
0.07783694
0.1821565
0.3397582
0.4814665
-0.1009391
-0.3327744
0.2918347
-0.4756146
0.06238986
-0.1730861
0.2418918
0.3496015
-0.1552174
0.1022793
-0.2408286
-0.4890434
0.1651182
0.3974451
-0.4401248
0.4163841
0.255896
0.2622803
-0.01504694
0.1170804
-0.004263558
-0.1998746
0.3780747
0.1095433
-0.2092652
0.5123774
0.2749169
-0.003778024
0.5000125
0.3147593
0.1762108
0.4165365
-0.4637174
0.3656021
-0.09685856
0.4444726
0.3008741
-0.5014819
0.338684
-0.2901243
0.2332222
-0.08982857
-0.2407685
-0.2558108
0.01935222
-0.09308703
-0.1204171
0.3852603
0.1531469
0.1264071
-0.3680808
-0.421739
0.2248016
-0.4728452
-0.1739032
-0.01826009
-0.3477124
0.429928
0.1426321
0.1547629
0.02133307
0.1938303
-0.4832441
-0.3617805
0.4091236
0.3842792
0.2521001
-0.08156355
-0.1351523
0.1453293
0.04773277
0.4008366
-0.3912197
0.3597458
0.02446773
-0.07121231
0.1234896
0.3724577
-0.1641188
0.3005536
0.3609126
0.3368865
0.3375474
-0.1330251
-0.197561
0.4581599
0.3713313
0.434706
0.462991
-0.004608695
-0.3100131
-0.1324478
0.1309128
-0.2985541
0.1885312
0.3314171
-0.1977046
-0.115514
0.21949
-0.3802376
0.3152952
0.0196592
0.05965279
0.3579687
0.2502647
-0.2196424
-0.2569232
-0.1714878
0.2117078
-0.152489
0.1019597
-0.2987566
0.4674374
-0.3372265
-0.0582036
-0.335802
-0.3960125
0.3423236
-0.06559288
-0.4367139
0.07001234
-0.1312614
0.2169333
-0.2537483
0.3105933
-0.480843
-0.1886455
-0.2632852
-0.3647013
-0.2554138
-0.2969713
-0.2093733
-0.3420604
0.4341365
-0.3120695
0.1477427
0.366923
0.1530347
0.4365318
-0.3202512
0.3602763
-0.5067735
-0.01385515
0.3892732
0.4466856
0.3404402
0.1148452
-0.1350777
-0.1259184
0.1407926
-0.003736013
-0.4377207
-0.2494016
0.003606263
0.4492053
0.01752286
-0.1637519
0.1106909
0.1246576
-0.4525217
-0.05491768
0.08100222
-0.06830005
0.05592875
0.0161886
0.09413199
0.217136
-0.4065502
-0.2813961
0.07765572
0.06750599
0.18457
-0.07252838
0.2961774
0.03734962
0.01588775
-0.3786331
-0.2766469
-0.1907509
-0.2263183
0.1525895
0.2173599
0.06794472
-0.4448867
0.3357121
0.1255628
0.3847061
0.09577464
0.002012014
0.1100821
0.4591982
0.310151
-0.04484557
-0.1963514
0.1033028
-0.3864975
0.07853648
0.2381174
-0.1340781
-0.06340904
0.2337062
-0.08586887
-0.4098094
-0.3698098
-0.4720359
0.3099479
0.003293433
-0.2948315
0.14952
-0.1606005
0.1566528
0.2631862
-0.3867026
-0.4471995
-0.3455007
0.1186639
-0.3732514
-0.4059106
0.451131
-0.1243939
-0.4823329
0.4825591
0.208371
0.2999819
0.4086147
-0.3974491
0.147888
-0.1521576
0.2596768
0.2271636
-0.4727432
0.4092678
0.05098677
0.4775253
0.1125079
0.3604079
0.1358235
0.01526263
0.4332286
-0.2906493
0.006945548
0.2622668
0.137078
-0.3731455
0.1129294
0.485643
-0.4030487
0.1250233
-0.08588425
0.01715704
-0.03018417
-0.2683485
0.5058877
0.1340566
-0.09538601
0.3147587
0.355163
-0.4044019
-0.01034441
-0.3681011
-0.3097959
0.4478624
-0.1963206
-0.07635187
0.3433922
0.3697521
-0.3538894
-0.4662962
-0.07709219
-0.335624
-0.009509018
-0.02423259
0.1795637
-0.07538781
0.4236591
0.2910975
0.5036021
-0.4421854
-0.09210548
-0.396956
-0.255569
0.05660618
0.3340896
0.1205033
0.05229384
-0.4511702
0.1227612
-0.3630031
-0.3339182
0.2397215
0.2381969
0.0833286
-0.4000949
0.2661131
0.2132016
-0.4983519
-0.4244397
-0.2874386
-0.2841062
0.3251046
-0.4997911
-0.4721681
-0.2653814
-0.1702499
-0.1977952
0.4037639
-0.1180192
-0.1223032
-0.4276435
-0.1556232
-0.282985
0.21188
0.4658999
0.2579594
-0.1021661
0.09430889
0.3767011
0.04441123
0.2163835
0.3156904
0.2968484
0.4125311
0.3045293
0.1316372
-0.3538969
-0.0367336
-0.2441235
-0.1360314
-0.379398
0.5042879
-0.08803955
0.09144424
0.4847195
-0.4484661
0.3724845
0.01924682
0.1284567
-0.4355232
-0.2771131
0.4452244
-0.3383919
-0.4341811
-0.09893351
-0.1828323
0.4139067
0.3341621
0.2850207
-0.04765927
0.1212992
-0.2643349
0.2656121
0.1810451
-0.3860436
-0.2972676
-0.09557567
-0.1011502
-0.4574264
-0.3341847
-0.07061246
0.2716182
-0.2030939
-0.2013871
-0.350583
-0.3744131
-0.3112913
-0.363257
-0.1794236
0.1388902
0.3253812
0.07349595
0.3089094
-0.10011
0.4293134
-0.01199485
-0.4321125
-0.3834794
0.337945
0.1109972
-0.2903713
0.2474628
-0.0639881
-0.4152398
0.4518993
-0.1372929
0.1872857
-0.3854157
-0.05867871
0.3722
0.3612237
0.2401746
-0.3044516
0.4797674
-0.2587811
0.1451439
-0.3496444
0.2696725
-0.3595024
0.4276467
-0.2509766
0.3160741
0.4850738
-0.3197231
-0.2603603
0.3409232
0.2995591
0.1842758
0.2525499
0.2309162
0.02545138
-0.1994972
0.424973
-0.3176664
-0.1991477
0.1908273
0.06848951
-0.1754339
-0.4531692
0.000648484
0.4987469
-0.08724267
0.4987944
-0.08984905
-0.1170482
-0.4791258
0.0820448
0.1440519
-0.3532265
-0.4252263
0.1762132
-0.09288037
-0.1218943
-0.3930315
-0.4215081
0.4104513
0.2821969
-0.2671256
0.2969745
-0.2622292
0.2763821
-0.1199461
-0.4661635
0.4146515
0.3699884
0.005775492
0.2823781
0.3185984
0.07527299
-0.3095842
-0.4004341
-0.02591927
0.0822989
-0.4172068
-0.2775231
0.357365
-0.04750456
0.3803693
-0.4585471
-0.1313705
-0.4683059
0.01079955
0.4284115
0.0339615
0.4983417
-0.3991968
-0.2998116
0.4227461
-0.2453915
0.3689074
0.4007095
0.2962188
0.2008117
0.286332
-0.1105291
0.02411215
0.2757376
0.3936908
-0.3192752
-0.02745717
0.03789126
0.2121464
0.09168607
0.3107704
-0.4516255
-0.3591513
-0.03965542
0.3248416
-0.3624618
0.4820472
0.1771158
0.3465509
0.4814037
0.4352521
-0.1889222
0.4677
0.1443817
-0.2675219
0.03452102
-0.1044099
0.1894125
0.3040619
0.111984
-0.4253244
0.1334426
-0.124483
0.4123647
0.2967882
-0.4821692
-0.4013183
-0.09184914
0.1094228
0.2597715
-0.3683689
0.1779852
-0.3253102
0.06759111
0.4643152
-0.2899632
0.4743
0.008761614
0.4649201
-0.06353521
0.3746784
-0.3525626
-0.3576314
-0.348
0.1491631
-0.3346601
-0.4632879
0.04655742
0.4728064
0.4313385
-0.4060434
-0.3666343
0.4184402
0.4295355
-0.0342614
-0.3440925
0.3427782
0.08143269
0.03586332
0.1544764
-0.3365645
-0.0507876
0.2090322
-0.08013628
-0.4144207
0.2580029
-0.326406
0.3059036
0.4642236
-0.4557663
-0.0006403189
0.3270839
0.1799587
0.4197418
0.0608067
0.4295163
0.2506263
-0.06735358
-0.07090759
0.1422373
-0.3225934
0.03261045
0.3584341
0.5030593
0.07121193
0.1366051
0.4793384
0.2871071
-0.03384534
-0.2749473
-0.4802109
-0.388522
0.03331874
0.4320497
0.4729581
-0.4357587
-0.0239751
-0.248108
0.1272115
0.2091533
-0.05455872
0.07847354
-0.3826756
-0.1099724
0.2078544
0.04245609
-0.2343728
0.4635955
-0.1387982
0.334476
-0.315536
-0.4397076
-0.3667839
-0.1456838
0.09571794
-0.4691909
0.429777
0.285956
-0.0748731
-0.4777848
-0.1934585
0.4486093
-0.2560014
-0.201584
0.0971958
0.373324
0.2243994
-0.2010944
-0.3322277
-0.4333319
0.1688567
0.2991177
-0.4082494
0.0827836
-0.09401551
-0.3519068
-0.06765395
0.002744579
-0.1205696
0.005252105
0.1699961
-0.3161322
-0.09523088
-0.06836384
0.3445576
-0.405139
0.3860418
-0.2802289
-0.1614717
-0.4086854
-0.1624533
-0.3375933
-0.439115
0.0555109
-0.4794336
0.1879592
0.002146321
0.03637929
0.4483912
0.07005106
-0.3964171
0.2501539
0.05633473
0.3066641
-0.3335681
-0.4817162
0.1554865
0.1870211
-0.02251394
0.02152092
-0.3710091
0.2165325
-0.06314696
-0.1848177
0.1951327
-0.3646238
0.3904137
0.1639059
-0.2384333
0.4301224
-0.1210973
-0.3085752
-0.1470679
0.09864408
0.4264755
0.4382599
-0.2828742
-0.2201517
-0.04885393
-0.1173085
-0.02086655
0.2570628
-0.4499984
0.3779852
-0.09303328
0.4874184
0.2733659
-0.4489419
0.2527184
0.2394114
-0.3443131
-0.2595434
0.4909124
-0.102817
0.2270698
-0.3252643
0.3023176
-0.06377807
0.1056667
-0.4337894
-0.02892599
-0.270485
-0.4311022
0.03925956
-0.3925762
-0.1349335
0.1807726
0.1905589
-0.08735696
-0.3064352
-0.2850695
0.1223597
0.4231507
0.2163597
-0.1653106
0.3935759
0.1957676
-0.4581326
0.1159294
0.01445338
-0.2034574
-0.05068796
-0.4590514
-0.2992381
-0.003361332
-0.3166541
-0.4032438
0.3071327
0.006331585
0.06645986
-0.2329872
0.05517083
0.3669174
-0.2203712
-0.3097394
0.3835907
0.3364114
-0.1655224
0.04015404
0.01112586
-0.2328216
0.253159
-0.02524856
-0.2828631
-0.04854384
0.211382
-0.2757767
0.281769
0.3944245
0.05289256
-0.4324723
-0.4822758
0.4323165
-0.4616366
0.3027335
0.4277858
-0.1450712
0.3110581
-0.1137938
-0.2689186
0.01922669
-0.1518709
-0.3779439
0.3757372
0.4030068
0.001093597
-0.3620862
0.2301258
-0.2068354
0.07107168
0.1826629
0.4038516
-0.3608581
-0.4645595
-0.01553248
-0.2119629
-0.001346317
0.5080163
-0.1226
0.06022689
0.345783
-0.1887453
-0.08789254
-0.2394398
-0.4434992
0.380052
-0.09400977
0.4872948
-0.1890055
0.1350562
0.2295541
-0.3899411
-0.3544108
0.4801382
0.3471089
-0.132152
0.05081682
-0.07575084
0.2003765
-0.3042872
-0.2974217
-0.2744649
-0.05754012
-0.08167256
0.2436158
0.2561931
0.05589239
0.1763593
0.5020456
0.410435
-0.001284485
-0.1283277
-0.04774607
0.2189131
-0.01481685
-0.0977346
-0.1628766
-0.2968065
-0.4205482
0.1041131
0.3544007
0.2678644
0.4342456
-0.3671747
-0.1005904
-0.04260064
-0.02363765
0.2954786
-0.158316
0.2667313
0.1643617
0.3103058
0.4521807
-0.0668687
-0.3856023
-0.020796
0.3195273
0.2713484
0.2945602
0.2437189
0.07421406
-0.2122909
0.3127892
0.2413348
0.235629
-0.5465793
-0.270586
0.3842077
0.1650297
-0.1371743
0.428404
0.3192676
-0.3352129
-0.4900116
-0.0159313
-0.1157304
-0.214953
0.4182244
-0.2907985
-0.2219354
0.4276297
0.2634369
0.3482563
-0.2313747
-0.09861912
-0.1035811
-0.1544769
0.1290573
0.3274799
-0.02573585
-0.1101477
-0.1848992
0.1735963
0.1158987
0.108254
-0.3796875
0.1247209
0.5427254
0.04763035
0.3959159
-0.2285481
0.08567911
-0.001431331
-0.3332652
0.236628
0.3144948
0.3937761
0.09213953
-0.3176095
0.2089354
-0.3517185
-0.2940964
0.320869
-0.1583682
-0.1434985
-0.2408277
0.05959679
-0.09009158
-0.3822795
0.1908272
-0.1352819
-0.3401355
-0.1954244
0.1304855
-0.2689893
-0.0714528
-0.1589916
-0.4418836
-0.3299506
0.1237782
-0.100482
0.1146584
0.333142
0.04096819
-0.3147091
0.1258353
-0.4180306
0.04386416
0.4632689
-0.3394668
0.116343
-0.4179496
-0.05441618
-0.3111502
-0.3623795
-0.4031087
-0.3933657
-0.5253214
-0.0512342
-0.1301378
0.1901203
0.06773856
0.2144339
-0.4967735
0.07102206
0.1313519
0.1957816
0.4708185
0.3511495
-0.3600148
0.2830346
-0.1143013
0.2007212
-0.4375838
-0.428383
-0.422473
0.2241695
0.08083599
-0.2780965
-0.2402438
-0.2909497
0.1134278
0.4362898
0.3502783
0.3739683
0.2588512
-0.1010309
-0.2155484
-0.4338963
0.04685475
0.1706289
-0.166035
-0.3621099
-0.4511893
0.3036056
-0.4665514
0.3443769
0.2253117
-0.04196693
-0.3767806
0.452709
-0.01673142
-0.0993356
0.1366588
0.3464702
-0.4077831
-0.3501504
0.06426851
-0.1563079
-0.1309399
0.2445058
0.2307178
-0.4573314
0.255661
0.03590849
-0.1294704
-0.01108282
0.2574344
-0.2241559
0.1150922
0.3155049
0.3032229
0.03904913
0.2148517
-0.2404059
-0.1689596
-0.4427909
-0.4280867
-0.2601005
-0.537087
0.4263233
-0.3498757
-0.1814739
0.2619608
0.02382965
-0.1029163
0.09710588
-0.4381912
-0.2420849
0.03396875
-0.1451219
0.05244728
-0.3514647
-0.0810454
0.1515551
0.3693497
0.2864217
-0.02866716
0.3261747
0.0002749565
0.5200858
0.1931896
0.1029965
-0.03388078
-0.3427651
0.2863434
-0.3670125
0.07140708
-0.3005434
-0.05759232
-0.0003258763
-0.3823585
-0.1806078
0.1704612
-0.4115253
-0.299303
0.1215257
-0.01310644
